0	0	1
2	2	3
4	4	5
6	6	7
8	8	9
10	10	11
12	10	13
14	12	15
16	14	17
18	12	19
20	16	21
22	18	23
24	20	25
26	22	27
28	18	29
30	24	31
32	18	33
34	26	35
36	28	37
38	30	39
40	28	41
42	32	43
44	26	45
46	34	47
48	18	49
50	36	51
52	38	53
54	40	55
56	42	57
58	44	59
60	46	61
62	48	63
64	50	65
66	52	25
67	54	68
69	6	70
71	56	72
73	58	74
75	60	76
77	62	78
79	64	80
81	66	82
83	68	84
85	70	86
87	72	88
89	74	90
91	18	92
93	76	94
95	10	96
97	14	98
99	14	100
101	78	102
103	60	104
105	80	106
107	54	108
109	82	110
111	82	27
112	36	113
114	84	115
112	36	116
117	86	118
119	88	120
121	84	122
123	60	124
125	18	126
127	84	128
129	90	130
131	92	132
133	94	134
135	96	136
137	14	138
139	16	140
141	12	142
143	98	144
145	60	146
147	38	148
149	18	150
151	62	132
152	14	153
154	100	155
156	94	157
158	102	159
160	104	161
162	10	163
164	82	110
165	106	166
167	14	168
169	60	170
171	108	172
173	94	103
174	78	175
176	10	177
178	110	179
180	28	181
182	94	183
184	94	185
186	112	187
188	38	189
190	106	191
192	60	193
194	24	195
196	114	197
198	12	199
200	18	201
202	36	203
204	66	205
206	102	207
208	116	85
209	118	210
211	120	212
213	122	214
215	4	216
217	36	218
219	76	220
221	14	222
223	84	224
225	124	226
227	86	228
229	126	230
231	128	232
233	84	234
235	96	236
237	14	238
239	130	240
241	132	242
243	16	244
245	96	246
247	24	195
248	134	249
250	136	251
252	14	98
253	138	254
255	60	256
257	60	170
258	28	259
260	140	261
262	94	263
264	142	153
265	114	266
267	144	268
269	56	72
270	28	271
272	88	120
273	84	274
275	130	154
276	32	277
278	146	279
280	70	281
282	94	283
284	148	285
286	94	287
288	150	289
290	152	291
292	98	293
294	12	295
296	154	297
298	156	299
300	158	301
302	94	303
304	50	169
305	18	306
307	10	308
309	12	310
311	94	312
313	104	314
315	110	316
317	18	318
319	158	320
321	88	27
322	4	323
324	94	325
326	48	327
328	36	316
329	122	330
331	24	31
332	134	333
334	94	335
336	34	337
338	10	27
339	4	340
341	10	342
343	28	344
345	104	346
110	160	347
348	162	349
350	94	351
352	164	353
186	112	354
355	116	356
357	166	358
133	18	359
360	168	361
362	94	363
364	170	365
366	172	367
368	28	369
370	60	371
372	110	373
47	174	374
375	102	376
377	102	378
379	176	380
381	32	382
383	178	83
384	86	385
209	136	386
387	180	388
389	94	390
391	182	392
270	28	393
394	184	395
396	86	397
398	48	399
400	186	27
401	32	402
403	124	404
197	174	405
406	18	407
408	94	409
410	116	411
412	18	413
47	174	414
415	188	415
27	96	416
417	26	418
419	86	420
421	94	422
423	88	120
424	190	425
359	28	426
266	174	427
428	18	343
429	14	430
431	58	432
433	96	434
435	70	436
437	12	438
439	18	440
441	116	411
442	0	1
292	192	443
444	94	445
446	138	447
448	18	449
450	82	451
452	130	453
454	10	455
456	110	457
458	170	459
460	180	461
462	50	463
464	0	1
465	94	466
467	194	88
468	196	469
470	94	471
472	36	473
474	198	475
476	18	477
478	200	479
480	202	110
481	24	195
482	82	27
483	84	484
485	94	486
487	158	488
489	10	490
491	96	492
493	86	494
495	28	496
337	174	497
498	94	499
500	134	501
337	174	502
503	180	504
505	204	25
506	118	210
507	206	508
509	84	510
511	36	512
513	110	514
515	24	195
516	208	517
518	110	519
520	106	521
147	10	522
523	210	524
525	54	526
527	82	528
529	24	195
530	18	531
532	4	533
534	96	535
536	4	537
538	32	539
540	212	541
542	60	543
544	26	545
546	12	547
548	28	549
550	208	332
551	16	552
553	214	554
555	116	411
556	112	557
558	36	559
95	10	560
561	32	402
562	134	563
564	18	565
566	166	567
568	216	569
570	218	571
572	28	573
574	196	88
575	100	576
577	84	578
579	216	580
581	114	47
582	42	57
583	60	124
584	84	585
586	192	254
587	144	425
588	130	589
590	98	591
592	122	593
594	50	595
238	70	596
597	220	598
599	12	600
601	50	602
603	138	604
605	222	606
607	26	608
609	56	72
610	84	611
110	160	612
613	18	614
615	10	616
27	96	617
618	10	560
619	42	57
620	42	57
621	222	622
623	224	624
625	68	626
627	14	628
629	14	630
631	36	632
633	12	634
197	174	635
636	60	543
637	150	638
54	4	639
640	42	57
641	226	642
643	228	644
645	14	646
226	230	647
648	204	25
649	172	650
651	18	652
653	94	654
655	28	656
657	18	36
658	36	659
660	18	343
661	32	277
662	166	663
664	60	124
665	134	187
666	232	667
668	60	669
670	14	153
671	32	672
673	10	177
674	84	675
676	136	677
678	4	679
680	26	681
682	12	670
683	58	684
685	234	686
687	168	688
689	98	690
691	14	435
587	236	692
693	64	694
695	234	27
696	238	697
698	60	669
699	12	700
701	14	702
703	12	704
705	28	706
653	100	707
177	240	708
709	28	710
266	174	711
712	84	577
713	94	714
396	126	715
716	14	210
717	196	718
719	242	25
720	56	72
721	164	88
722	244	25
723	246	724
725	60	726
727	116	411
728	196	729
730	108	731
510	158	732
733	164	88
734	60	669
735	248	736
737	250	738
739	200	479
740	14	17
741	252	741
742	254	743
744	0	745
746	256	268
747	36	748
749	116	411
750	136	751
752	96	753
754	76	755
318	108	756
757	28	758
686	258	759
760	158	761
762	14	763
289	198	764
765	0	1
766	82	27
767	10	768
769	96	770
771	136	772
773	260	774
775	14	153
776	262	777
778	264	779
780	220	326
781	266	67
782	86	783
784	106	191
278	208	785
786	94	787
788	218	789
790	28	791
792	136	793
794	102	159
795	38	796
557	38	797
798	16	799
800	30	163
801	132	802
803	14	435
804	0	1
805	10	806
807	268	808
102	232	809
810	42	57
811	136	812
813	36	814
815	88	280
816	136	421
817	18	790
818	108	819
820	270	821
822	180	823
824	14	825
826	50	827
828	18	829
830	94	613
831	24	195
832	2	833
527	12	834
835	88	166
836	60	837
838	216	839
840	24	195
841	212	842
843	132	657
844	108	845
846	96	847
848	196	849
850	114	337
851	28	852
853	4	854
855	256	856
857	246	858
859	24	195
860	18	861
862	36	863
864	180	557
166	96	865
866	60	543
867	84	868
869	272	870
871	274	25
872	136	873
874	276	875
876	160	877
878	86	879
880	132	881
882	0	1
883	232	666
884	82	27
885	208	886
887	202	110
236	160	888
889	18	126
890	130	891
892	278	893
894	36	895
896	58	897
898	280	899
345	282	346
686	284	25
232	286	589
858	288	260
137	290	356
60	292	876
542	294	623
459	296	27
468	298	468
396	300	389
629	302	120
455	304	612
765	306	488
768	308	25
564	310	25
644	312	175
522	314	25
342	316	25
1	318	236
77	320	11
27	322	191
779	324	778
621	326	406
871	328	25
808	330	206
891	332	191
86	334	554
82	336	85
468	338	25
332	340	81
876	342	664
292	344	27
408	346	638
326	348	780
27	350	753
436	352	488
877	354	708
88	356	699
424	358	856
70	360	195
60	362	25
158	364	27
54	366	752
823	368	88
779	370	778
844	372	291
58	374	711
832	376	289
882	378	27
864	380	562
199	382	259
118	384	599
395	386	58
132	388	131
35	390	206
675	392	749
102	68	231
308	160	219
480	160	93
134	12	252
54	40	79
470	84	471
249	10	27
347	166	225
282	94	123
697	14	435
523	232	372
183	82	27
456	162	315
581	114	337
52	14	435
187	10	120
798	16	657
675	214	554
480	202	308
308	202	120
645	164	88
67	54	102
675	194	88
369	116	411
574	196	718
27	96	820
355	10	120
79	170	592
113	94	149
110	160	877
83	68	317
867	84	303
27	96	56
500	182	488
751	18	750
42	32	402
176	10	876
886	66	82
278	20	25
315	162	107
817	60	669
747	254	472
95	10	191
308	160	888
24	32	539
127	84	675
26	116	411
110	202	455
805	10	342
441	32	539
249	164	88
349	232	513
883	68	632
175	162	809
472	36	300
507	24	195
561	88	120
102	162	883
92	28	272
120	102	842
79	170	191
784	106	39
99	14	98
869	272	326
733	14	98
354	14	98
602	94	302
888	166	755
844	28	555
341	10	876
425	174	736
91	60	371
553	60	371
22	94	325
762	32	382
65	24	195
572	28	147
786	0	1
673	88	27
178	54	456
370	60	669
841	158	488
164	82	166
271	116	411
232	56	72
162	10	280
452	18	531
464	24	195
396	32	382
627	164	88
794	56	72
118	12	117
599	60	669
27	96	759
625	68	32
548	136	134
85	70	289
867	60	669
47	174	394
809	232	666
20	16	644
478	164	88
835	10	521
102	54	372
511	70	423
481	18	150
531	28	618
47	174	502
220	106	280
691	164	353
461	164	88
883	68	473
692	174	267
883	232	372
772	132	157
102	68	32
271	86	299
757	28	795
778	42	57
850	114	266
174	178	67
463	212	842
267	256	424
879	84	465
783	214	554
3	194	88
609	106	398
625	110	457
609	106	27
177	258	166
175	232	525
19	300	335
134	18	548
553	82	27
421	94	895
337	190	266
877	166	395
883	54	525
752	102	378
283	12	381
154	24	31
234	0	1
249	14	825
389	18	92
801	132	91
315	110	514
511	254	894
152	10	120
12	32	539
785	134	278
644	130	643
10	10	490
874	56	72
791	14	430
567	106	490
406	82	120
516	14	17
24	164	88
860	56	72
342	160	226
191	160	93
12	10	191
10	10	480
577	84	822
701	302	120
749	10	177
79	170	521
699	0	745
526	54	372
772	128	610
805	88	308
34	222	606
596	10	308
793	12	26
451	304	404
579	170	326
684	82	120
258	28	727
102	68	194
571	52	25
338	88	490
484	24	195
85	70	638
527	180	834
115	84	552
660	18	250
368	28	41
233	56	72
230	276	519
102	232	625
471	100	724
102	232	178
618	10	480
472	36	363
596	10	768
521	48	327
248	134	199
653	84	654
248	134	716
362	78	883
368	28	710
332	134	561
4	82	120
805	10	490
750	136	432
115	18	565
259	10	768
458	170	377
665	134	706
588	0	1
169	56	72
757	28	137
362	24	195
706	14	98
15	10	521
789	98	786
14	60	371
270	108	462
755	106	280
828	24	195
897	4	533
83	54	524
92	108	696
526	232	883
595	94	32
750	136	169
255	60	371
414	138	604
609	106	166
347	230	214
675	18	92
680	26	569
183	12	396
479	180	661
147	38	92
513	54	83
431	58	51
316	56	72
784	106	163
178	232	809
449	28	670
634	164	88
675	180	782
99	164	88
432	78	102
749	10	521
880	60	371
387	60	193
463	60	193
463	60	146
493	10	11
375	262	777
487	18	797
869	272	722
890	60	669
372	54	102
92	28	701
185	60	146
610	82	27
299	18	844
482	72	88
702	70	295
722	154	353
493	88	326
282	18	655
822	0	745
794	258	110
372	54	666
455	258	13
633	60	124
762	164	88
93	76	755
797	136	184
307	88	166
134	60	669
713	94	154
691	14	702
335	214	554
79	170	722
347	230	177
805	10	876
651	24	195
315	110	216
196	184	395
789	56	72
762	20	25
27	96	586
249	32	43
832	24	195
526	232	83
531	28	782
185	24	195
895	84	421
231	212	842
325	18	531
801	310	25
321	14	435
784	106	616
518	54	349
393	14	435
403	106	27
4	12	600
102	232	666
455	160	612
896	56	72
362	94	51
224	18	449
279	60	124
878	14	153
680	26	66
816	136	32
253	138	604
1	318	724
282	194	88
578	94	783
602	180	791
1	318	876
251	12	19
148	28	645
492	252	492
711	34	266
281	14	763
673	10	191
79	170	455
811	108	819
772	18	730
787	94	713
856	174	746
791	14	153
850	34	337
387	82	27
578	94	712
315	54	666
102	110	659
848	298	848
441	14	153
27	304	754
876	308	25
386	0	1
102	162	625
201	28	352
40	108	696
324	94	633
656	20	25
465	194	88
362	78	456
615	10	480
486	194	88
259	14	98
93	76	663
552	212	159
381	116	411
200	18	40
310	116	411
147	10	490
666	232	83
326	316	25
435	70	321
595	94	422
789	52	25
340	74	339
278	86	279
358	106	110
431	58	445
704	88	27
802	82	27
701	38	201
174	178	456
827	18	757
10	10	616
810	258	211
177	160	754
460	12	461
596	290	411
288	56	72
787	60	669
761	262	777
93	230	308
11	304	404
647	122	593
816	136	595
331	60	124
395	70	629
163	202	876
225	106	110
480	304	226
878	38	368
296	202	308
634	116	411
572	28	272
799	60	124
752	262	777
897	60	124
324	212	207
219	166	567
129	10	27
783	60	371
354	20	25
850	34	47
596	88	876
332	134	555
652	28	188
510	94	585
795	14	153
362	78	83
879	18	343
463	82	120
580	56	72
815	14	825
525	232	526
177	202	120
79	170	398
760	94	636
225	106	166
221	88	27
270	108	64
866	0	1
878	146	91
388	10	27
108	232	372
701	38	844
524	110	481
650	56	72
805	32	539
385	18	531
164	24	195
362	78	526
102	68	116
349	54	178
571	196	718
621	26	820
855	236	424
191	202	166
120	160	877
343	28	538
587	144	692
710	20	25
214	102	541
485	24	31
397	294	623
480	48	399
67	54	666
573	164	88
332	134	105
636	82	27
456	110	179
244	60	669
563	208	562
876	160	226
161	104	160
846	102	207
456	54	67
611	18	150
486	310	25
802	24	195
548	28	618
521	304	93
409	24	195
369	14	825
650	82	27
666	232	456
493	88	27
480	160	566
413	136	32
445	194	88
638	86	637
324	0	1
549	10	876
696	152	291
102	110	203
710	88	120
120	316	25
722	122	593
561	246	724
314	82	27
101	310	25
790	28	775
327	46	88
235	96	191
332	58	216
183	130	397
422	18	816
155	42	57
403	124	347
480	160	612
41	116	411
484	82	27
310	10	876
310	10	120
12	10	214
161	14	153
467	0	1
524	110	179
2	0	1
895	84	422
317	78	102
203	18	407
369	38	180
890	158	488
600	86	332
509	94	584
880	84	269
613	24	31
420	60	371
880	94	269
632	310	25
120	70	176
372	54	883
748	24	195
524	232	102
655	28	423
610	60	146
169	18	148
27	160	93
281	10	27
665	134	355
663	124	226
162	20	25
178	110	203
665	134	181
308	160	662
369	32	672
183	60	124
787	0	1
46	114	47
259	10	27
559	178	83
173	82	27
286	18	797
88	30	535
899	94	466
465	84	651
102	232	883
501	88	120
767	164	88
300	94	111
225	106	616
401	88	166
158	258	206
278	56	72
596	88	27
307	164	61
518	54	883
32	60	170
393	246	488
762	14	17
472	36	457
323	0	1
334	60	124
234	82	308
513	54	315
199	20	25
526	232	348
102	68	313
79	64	418
231	180	188
710	14	825
91	294	623
183	56	72
3	2	2
29	28	618
625	68	383
557	164	88
724	296	120
567	124	566
91	212	842
13	244	25
175	232	667
337	174	405
813	36	897
332	134	600
757	28	147
1	318	455
785	134	615
528	322	480
600	14	98
141	0	745
768	240	708
729	262	777
533	56	72
1	318	131
348	54	108
28	12	441
148	136	715
591	60	124
641	56	72
97	14	435
876	160	612
870	304	93
307	10	342
28	18	531
489	14	98
787	82	120
643	130	644
372	68	827
697	14	98
40	28	758
410	32	539
615	10	110
658	36	485
713	82	27
130	4	537
435	70	272
883	54	315
767	10	480
477	136	476
16	208	562
325	60	669
498	18	449
338	14	435
618	10	120
290	50	785
333	164	88
713	0	1
304	50	111
883	232	348
20	16	311
559	0	1
347	230	876
163	314	25
654	94	228
134	84	879
311	0	1
523	232	178
428	12	697
458	170	752
20	16	224
420	18	36
242	180	426
836	24	195
83	68	611
542	132	113
208	80	65
747	254	813
178	162	67
877	230	120
796	28	344
610	94	397
120	48	399
397	12	396
521	160	754
10	10	13
74	24	31
173	84	314
435	70	671
752	220	27
632	56	72
625	54	102
102	232	108
559	178	102
350	60	193
884	0	1
42	56	72
588	212	842
605	222	718
13	160	226
374	34	197
137	10	616
144	24	195
657	0	1
271	38	757
342	202	27
790	136	141
489	10	163
454	88	308
673	10	342
226	230	455
431	58	32
656	116	411
20	16	822
460	18	440
772	0	1
460	24	31
456	54	666
374	114	197
355	10	214
651	12	321
396	20	25
27	160	566
18	60	193
196	114	266
785	134	379
262	310	25
665	134	723
650	194	88
605	26	689
147	10	308
27	202	163
118	180	504
136	196	82
498	18	126
280	258	308
110	202	296
218	56	72
616	314	25
325	56	72
102	54	625
724	262	777
835	10	163
732	42	57
746	144	856
153	70	298
528	322	490
749	10	11
763	70	775
697	20	25
660	60	669
60	292	120
524	232	68
790	28	147
595	94	421
542	24	31
754	230	120
13	240	708
293	214	554
536	24	195
609	106	455
757	28	555
767	208	332
496	10	806
17	70	333
42	88	876
440	28	272
354	32	43
716	32	539
392	258	620
617	270	821
457	56	72
571	56	72
15	32	43
480	202	27
92	136	562
275	60	146
350	82	27
656	86	282
1	318	686
653	84	228
763	70	701
876	122	593
180	28	352
628	112	627
198	60	837
341	10	27
496	10	308
267	144	424
272	14	153
12	10	806
705	136	703
714	180	474
157	56	72
15	10	455
13	304	226
686	102	207
381	14	435
596	20	25
693	64	569
697	246	488
310	14	435
422	24	195
891	294	623
152	10	214
435	70	834
456	54	108
470	12	615
229	300	675
208	10	96
855	256	424
467	82	27
67	68	412
658	36	383
575	18	359
406	178	102
871	56	72
88	30	598
785	94	115
79	64	728
757	108	462
315	54	67
589	294	623
120	304	662
419	32	382
42	164	88
312	60	669
302	18	531
582	56	72
563	10	27
194	60	669
611	24	31
83	232	526
504	14	435
801	212	842
128	100	488
175	68	542
102	232	67
105	88	27
369	20	25
869	272	27
97	88	214
667	232	83
520	106	876
476	214	554
226	230	308
499	18	705
42	14	222
625	54	518
458	170	759
161	116	411
658	36	532
459	316	25
493	32	539
456	110	514
775	164	88
307	10	110
118	12	758
813	36	485
827	78	349
238	70	561
490	160	347
585	84	698
312	18	359
569	192	254
265	114	337
761	314	25
118	0	1
166	202	110
61	30	326
181	14	98
767	88	27
67	68	116
280	304	612
564	214	554
282	18	565
110	314	25
379	38	40
588	0	745
42	32	277
148	28	701
518	54	83
791	10	27
110	160	754
524	54	625
854	82	120
663	106	722
178	232	666
525	54	178
791	32	277
459	258	846
231	56	72
116	56	72
733	32	382
342	48	63
353	30	342
191	160	888
610	60	124
463	214	554
147	20	25
813	36	457
607	26	66
349	232	175
802	18	343
755	106	214
878	38	440
300	60	669
835	14	17
383	178	315
314	94	626
395	106	120
118	82	490
625	68	300
444	180	701
472	36	874
763	70	396
541	262	777
701	14	222
92	28	758
480	160	888
520	106	280
166	96	131
12	10	455
567	106	166
274	158	392
48	18	343
722	262	777
504	164	88
451	160	754
848	98	74
83	54	667
122	84	760
102	110	457
699	60	669
253	218	789
575	18	449
27	96	391
342	202	62
504	86	118
439	24	31
473	0	1
113	60	104
440	136	460
489	10	280
74	56	72
626	94	173
300	78	883
528	322	308
225	106	522
28	132	385
389	180	782
625	232	456
682	82	27
12	88	27
420	82	876
154	84	786
180	108	826
431	58	533
39	258	876
524	68	116
671	80	65
668	60	146
127	60	837
719	192	254
206	96	35
470	180	419
11	262	777
191	122	593
250	136	387
801	60	193
103	84	314
12	20	25
615	164	88
250	136	134
292	274	25
566	166	94
632	178	883
736	236	425
867	180	147
858	288	261
198	310	25
331	60	669
612	76	358
518	110	659
332	94	115
633	24	195
17	70	645
422	84	421
32	24	195
493	10	490
231	234	488
515	60	371
385	24	195
270	28	272
119	164	88
308	304	93
419	164	88
130	56	72
243	16	636
768	296	326
480	304	612
603	138	254
475	0	1
889	0	1
293	60	371
406	0	1
797	28	501
39	262	777
119	116	411
410	20	25
308	202	191
157	60	104
242	84	241
142	14	98
340	24	195
92	108	826
342	258	308
562	134	697
325	18	258
524	232	526
198	60	124
678	24	195
54	262	777
759	262	777
817	0	1
234	56	72
174	78	67
162	14	153
706	88	27
127	60	371
211	258	810
739	116	411
178	162	809
598	316	25
822	180	791
455	160	888
235	96	761
322	60	371
83	162	625
379	146	380
248	134	701
703	60	669
588	194	88
77	148	78
608	252	608
26	164	88
724	56	72
631	36	532
182	194	88
790	28	758
552	94	115
103	84	895
656	246	488
157	132	772
521	316	25
187	164	88
308	160	877
629	88	120
280	160	754
814	56	72
19	32	672
587	144	424
512	18	413
317	60	669
456	210	67
369	88	120
259	10	876
240	24	31
132	258	330
613	194	88
643	194	88
397	18	548
784	124	226
302	294	623
700	32	402
113	24	31
119	32	277
27	322	326
167	198	283
883	110	457
349	232	83
749	14	238
703	18	705
877	166	663
785	84	115
90	82	166
56	56	72
242	0	1
248	134	550
152	10	191
868	84	303
550	302	120
102	232	523
153	70	188
326	304	888
828	0	1
395	106	876
52	14	646
118	180	117
566	76	94
429	20	25
587	144	856
574	52	25
471	24	195
843	24	31
368	28	119
752	316	25
178	54	513
380	82	27
455	258	522
681	46	88
120	70	344
724	288	260
542	0	1
147	10	13
767	14	210
675	18	797
34	26	848
757	108	696
123	294	623
431	58	397
394	114	47
772	94	610
236	314	25
194	78	175
673	10	308
524	54	513
814	178	67
470	158	392
92	28	538
255	82	490
239	60	193
175	232	348
757	28	727
231	132	232
562	134	276
510	84	509
689	196	718
259	302	120
405	34	47
846	220	27
348	232	513
190	106	342
587	236	424
610	332	488
528	322	342
663	106	490
190	106	876
238	70	355
609	106	326
578	12	782
792	136	515
166	304	612
20	16	234
347	76	225
248	134	410
94	124	226
790	28	493
454	32	277
611	194	88
684	60	726
713	94	787
877	76	567
281	88	280
861	28	706
846	102	376
405	34	266
231	18	655
499	18	531
520	106	308
372	162	524
889	60	669
494	100	780
609	106	163
761	160	93
352	164	88
79	170	11
177	304	93
419	14	222
225	106	11
618	14	435
427	114	47
510	82	27
420	24	195
115	84	785
577	60	669
589	60	124
841	194	88
684	24	195
270	28	701
308	202	616
879	24	195
191	258	27
336	34	47
191	202	163
110	160	219
325	94	324
435	70	555
330	122	166
235	96	110
26	88	27
1	318	110
662	230	214
321	164	88
445	212	207
525	232	102
119	14	435
461	116	411
868	84	602
567	106	521
822	60	669
86	142	98
257	310	25
257	0	1
422	310	25
435	70	670
531	136	452
673	10	11
883	162	178
874	82	27
127	180	671
91	12	16
300	310	25
456	162	178
835	246	488
511	36	685
418	182	582
27	304	404
315	54	349
763	70	400
381	32	539
67	68	84
152	10	177
92	108	64
883	54	83
876	160	347
542	18	811
872	136	507
563	164	88
584	94	510
165	106	326
18	56	72
1	318	560
470	60	669
715	18	148
572	28	493
466	18	29
889	72	88
843	130	868
27	322	876
865	92	132
647	304	93
40	28	176
219	76	567
466	94	465
805	10	768
68	232	666
20	16	880
512	84	801
324	60	669
117	20	25
410	32	382
739	10	490
270	28	885
133	94	223
421	60	170
178	232	83
190	106	521
490	48	399
92	28	878
191	48	327
381	300	123
493	10	27
270	108	696
629	14	435
667	54	809
348	54	456
815	88	27
706	164	88
595	24	31
60	292	166
550	20	25
461	32	539
692	174	746
12	10	761
573	32	382
757	108	845
435	70	119
493	10	120
174	24	195
713	132	546
880	158	488
453	24	31
885	86	302
94	106	163
144	94	498
507	60	669
801	18	343
27	304	226
392	288	260
496	10	11
456	54	315
544	26	418
894	36	257
668	60	837
451	322	490
372	162	456
404	76	190
338	14	702
21	12	26
147	10	214
700	88	280
755	124	93
398	102	541
435	70	815
796	28	727
684	78	349
92	28	298
757	28	369
489	10	27
616	202	308
199	88	27
534	262	777
26	22	308
673	10	616
818	108	304
117	88	27
83	54	525
133	18	126
695	18	413
452	60	669
73	56	72
738	330	375
183	94	397
395	124	404
511	36	74
596	10	280
666	54	315
668	84	350
782	32	382
876	202	490
114	24	195
414	114	47
835	10	768
577	158	488
191	202	342
524	232	108
867	94	868
112	36	218
458	170	375
105	116	411
384	56	72
868	94	302
347	230	342
665	182	724
710	116	411
429	14	435
83	68	174
369	86	22
876	160	93
35	52	25
12	14	210
91	94	467
610	94	183
27	160	226
866	60	669
560	122	593
197	174	196
526	162	372
559	24	195
2	18	29
701	10	876
308	342	154
744	212	842
16	164	88
123	60	371
114	72	88
22	180	824
560	314	25
344	14	430
618	38	148
418	52	25
303	18	531
5	18	652
323	82	120
191	304	888
305	24	31
60	292	214
755	106	522
722	308	25
482	0	1
350	60	124
106	18	270
67	232	349
820	328	25
367	18	180
854	4	537
34	222	469
720	188	720
552	82	27
114	60	837
550	88	27
880	4	881
595	94	895
609	106	280
619	284	25
176	32	402
282	24	195
214	262	777
26	116	85
712	24	195
83	162	175
235	96	521
339	82	490
493	10	876
656	32	43
41	164	88
776	240	708
282	60	669
133	60	669
219	166	225
436	10	280
40	28	501
578	0	1
326	240	708
166	102	376
132	96	131
11	160	754
632	24	195
552	310	25
92	28	775
556	62	876
125	60	669
460	0	1
596	14	646
250	28	671
91	60	124
352	32	277
417	26	569
257	18	413
824	32	539
662	166	225
248	134	137
83	110	316
244	0	1
577	82	27
226	230	876
667	54	349
531	136	527
403	106	480
292	192	254
298	14	98
419	10	27
618	10	280
703	130	613
203	56	72
602	94	303
795	32	382
489	88	27
358	124	888
414	114	337
102	68	542
621	222	729
283	0	1
177	48	63
303	84	867
10	116	411
835	10	27
326	322	451
876	202	887
401	32	43
326	304	219
385	132	28
531	136	465
461	14	98
194	0	1
504	246	488
611	18	730
73	58	216
295	88	27
596	10	120
531	108	601
423	14	98
102	54	349
92	136	665
871	298	871
473	56	72
172	238	670
128	60	193
406	24	195
835	10	876
650	18	771
306	28	41
67	232	883
537	24	195
40	28	369
764	24	195
107	54	315
67	232	524
79	64	848
474	198	311
401	116	411
662	230	308
871	204	25
627	116	411
119	88	455
615	10	768
305	286	552
343	28	117
452	82	27
480	244	25
513	54	518
611	84	610
809	232	513
153	70	252
128	130	664
341	10	177
403	106	326
219	230	120
123	94	118
388	32	277
437	24	195
820	252	820
436	38	343
681	270	821
141	18	201
381	246	488
521	314	25
675	310	25
878	126	169
698	84	510
869	272	592
48	24	195
707	56	72
99	14	630
503	0	1
565	28	237
258	28	352
27	96	569
525	162	809
249	14	98
27	304	347
577	24	195
181	116	411
578	82	27
278	32	382
572	28	618
392	264	392
266	190	337
335	18	92
507	82	27
372	162	83
340	82	490
697	88	27
530	24	195
338	88	27
67	54	178
372	162	102
588	82	120
302	94	651
67	110	215
785	56	72
511	36	149
555	14	435
352	38	148
801	0	1
214	258	592
103	94	626
578	194	88
192	0	1
884	60	371
762	88	27
397	0	1
424	174	746
190	106	96
756	50	156
625	54	348
180	28	369
436	10	480
112	36	772
11	314	25
224	82	27
265	34	266
307	10	11
790	28	352
240	130	239
655	136	397
657	94	28
840	158	488
101	78	83
610	18	407
779	56	72
120	202	166
313	24	195
249	32	382
755	106	876
137	10	455
455	240	708
152	116	411
137	10	280
258	28	538
123	18	23
110	202	191
180	108	845
722	160	219
844	28	352
336	114	47
10	10	163
112	36	650
127	60	193
499	18	23
250	28	229
467	18	531
331	60	543
311	94	442
108	54	68
182	212	842
377	56	72
839	204	25
414	34	197
259	10	163
108	110	481
888	76	395
703	18	250
621	26	728
187	208	665
387	0	745
77	320	398
95	14	17
120	70	272
308	316	25
233	82	27
229	20	25
103	94	313
252	14	153
322	60	193
148	28	344
855	144	424
363	24	195
768	314	25
106	24	31
225	106	163
54	60	76
823	186	27
231	12	188
83	54	883
655	28	600
372	54	524
67	110	179
16	14	98
860	0	1
93	76	609
344	10	27
580	292	27
333	32	382
493	14	153
423	116	411
186	112	550
559	72	88
525	54	883
409	60	371
848	196	353
493	14	435
308	304	347
313	84	626
747	36	232
891	60	669
40	108	845
225	106	308
648	242	25
283	158	392
317	82	27
403	124	888
757	28	791
219	76	663
283	60	193
180	28	271
67	54	524
813	36	257
435	70	710
176	10	480
629	116	411
750	108	819
231	94	116
395	106	722
269	158	488
801	18	250
887	202	876
585	60	669
525	232	372
523	54	67
79	170	761
511	36	542
524	232	83
102	68	626
899	84	466
120	96	143
803	38	148
92	28	429
509	94	585
841	0	745
289	38	792
561	10	166
692	190	856
401	56	72
613	0	745
441	164	88
166	202	191
296	202	120
531	136	899
472	36	533
625	162	178
357	230	876
561	10	11
223	24	31
349	54	524
102	232	348
556	62	480
471	82	120
332	18	189
616	308	25
835	10	191
302	94	602
556	62	120
838	266	838
538	164	88
281	32	539
716	32	43
879	18	531
559	178	315
331	56	72
574	298	574
355	32	672
129	14	210
231	60	124
869	272	616
191	160	226
750	108	304
871	52	25
639	24	195
453	60	543
152	10	110
456	232	315
311	180	474
157	84	772
125	180	823
102	162	518
1	318	459
308	202	163
157	18	771
844	28	727
10	10	455
722	304	226
700	14	430
797	28	878
751	158	377
23	136	703
530	82	27
332	58	481
34	222	353
349	232	809
617	298	617
465	84	879
252	208	665
191	160	754
755	106	768
22	82	27
397	18	407
220	106	110
52	116	411
680	26	689
379	14	435
422	82	27
561	164	88
468	192	254
225	106	214
552	60	146
118	18	250
27	240	708
175	162	83
106	100	724
302	60	669
834	104	272
71	52	25
32	78	883
166	202	163
11	316	25
489	32	672
478	88	27
92	136	332
421	94	103
227	186	27
494	158	780
68	54	526
67	54	809
219	166	220
175	232	513
397	60	371
898	88	27
791	88	27
308	102	842
634	14	646
706	10	27
129	20	25
428	60	669
294	0	1
226	230	280
68	54	83
797	136	185
118	82	27
524	232	625
259	10	480
321	116	411
690	158	488
714	94	713
739	88	27
758	86	118
763	70	271
880	82	27
242	82	27
873	24	195
191	304	877
332	134	281
838	216	580
119	88	166
342	202	455
531	136	712
75	82	27
214	154	88
475	60	146
819	50	169
10	88	27
888	166	225
122	84	636
428	18	258
764	0	1
578	60	669
472	36	532
272	14	825
542	12	489
441	14	222
308	48	399
796	28	618
756	50	231
95	10	490
824	10	616
27	350	245
282	332	488
472	36	432
428	0	1
336	34	197
572	28	673
621	326	765
191	304	93
565	28	423
663	106	522
614	28	289
308	304	219
230	78	526
147	32	382
577	12	706
472	36	362
894	36	827
52	14	17
103	82	27
278	116	411
47	190	197
573	116	411
20	16	274
102	162	372
710	164	353
803	88	27
152	10	280
785	134	8
822	12	419
772	310	25
197	174	581
114	60	124
896	58	230
314	84	173
527	24	195
426	186	27
67	232	108
324	130	713
27	96	686
571	196	606
610	0	1
775	10	27
22	94	324
368	28	791
128	12	504
713	24	31
624	20	25
396	14	435
79	216	27
498	24	31
643	0	1
39	102	842
679	82	163
236	48	327
510	60	669
118	310	25
595	82	110
0	60	669
370	60	146
39	244	25
490	202	27
719	252	719
419	32	402
96	314	25
436	10	308
343	28	369
375	102	159
526	54	102
453	212	842
302	94	868
725	78	513
793	82	120
797	28	176
141	18	565
634	10	27
883	162	102
490	262	777
618	14	153
703	18	531
102	54	348
528	316	25
276	20	25
249	116	411
176	38	258
160	10	27
883	54	526
403	106	455
496	10	120
824	88	27
526	68	725
569	328	25
342	262	777
802	60	669
375	316	25
166	304	226
705	56	72
852	142	98
86	164	88
355	10	191
490	342	657
551	16	232
467	24	31
27	350	619
147	10	110
240	0	1
166	202	876
785	18	92
162	10	308
110	154	88
162	10	120
513	54	883
594	50	231
385	82	27
715	0	1
625	232	67
355	246	110
880	214	554
589	82	27
8	14	435
426	198	242
231	2	530
390	18	189
527	18	531
625	232	178
841	60	669
796	28	16
657	72	88
219	166	663
347	230	166
149	82	27
690	82	27
142	164	88
302	180	885
266	190	197
793	0	1
490	122	593
369	14	430
716	32	672
180	28	272
388	88	308
188	88	120
248	134	629
308	160	93
854	306	724
697	38	92
40	28	670
342	160	347
815	32	382
692	358	856
148	28	429
462	50	200
1	318	27
625	162	315
147	38	757
79	216	590
435	70	489
869	272	163
147	38	572
310	10	163
224	0	1
493	38	844
456	54	178
530	18	548
352	38	258
879	0	1
230	78	456
566	76	567
427	34	266
591	24	195
19	14	17
225	106	13
650	286	231
497	34	47
522	316	25
403	106	177
488	96	848
483	60	371
436	14	153
883	68	725
854	24	195
34	26	571
436	10	110
11	160	662
472	36	485
465	12	237
740	116	411
795	88	27
120	160	662
1	318	206
567	106	326
513	110	481
662	166	567
235	96	27
785	134	762
894	36	512
319	60	669
288	82	27
513	232	175
13	258	326
67	232	178
524	54	518
381	10	27
520	124	93
377	102	842
456	162	349
369	32	402
252	164	88
505	252	505
558	36	231
490	304	877
349	162	883
259	32	43
722	160	226
83	232	883
199	32	539
490	308	25
621	222	85
829	136	854
844	28	281
797	28	429
351	82	27
523	232	625
785	134	701
67	68	101
666	54	178
897	56	72
497	34	197
315	162	83
89	4	537
725	82	27
55	216	689
646	70	645
363	56	72
480	304	566
79	170	616
675	180	129
226	230	870
89	24	195
520	106	11
331	18	565
782	56	72
755	106	191
27	96	468
342	160	566
324	24	195
58	24	195
868	84	302
112	36	610
425	174	267
858	56	72
455	314	25
526	110	203
658	36	626
466	84	465
348	232	456
123	180	381
332	94	239
651	18	655
116	82	27
92	28	727
426	334	554
820	298	820
767	14	17
5	84	314
727	164	88
601	50	350
220	124	226
246	324	245
93	320	724
456	54	518
220	106	120
79	64	648
526	68	632
898	14	98
520	106	163
315	110	215
691	88	308
567	106	27
665	134	671
231	0	1
197	174	711
188	14	98
667	54	83
326	304	612
185	94	184
478	32	277
522	48	399
190	106	177
549	10	342
813	36	519
41	88	27
475	214	554
643	310	25
802	18	29
702	70	396
513	232	883
691	10	27
428	212	159
32	82	27
473	78	883
5	0	1
895	56	72
389	60	146
782	32	539
470	158	120
274	60	193
137	10	27
14	60	146
3	24	31
102	68	103
869	272	177
259	32	539
298	246	488
645	14	825
605	26	719
815	116	411
152	10	616
319	24	195
611	18	407
561	10	342
183	2	397
332	134	634
584	24	195
520	106	191
118	18	23
621	26	586
10	10	876
313	0	1
876	160	566
27	322	120
383	82	27
700	164	88
197	174	414
844	28	775
75	40	79
599	130	589
883	110	203
23	28	795
28	18	250
182	60	669
870	48	327
709	118	82
627	14	435
369	10	27
355	10	163
645	116	411
123	194	88
24	32	382
208	10	480
878	14	435
401	32	539
67	232	83
467	18	440
337	174	581
526	162	175
201	28	791
10	32	43
739	32	382
310	10	110
357	76	358
796	28	758
760	56	72
533	82	27
333	32	43
167	334	554
684	56	72
369	14	763
665	180	706
665	18	92
767	10	876
507	60	124
158	102	378
110	262	777
27	304	888
684	78	526
308	202	490
675	18	790
94	106	876
503	94	390
305	60	146
701	10	280
642	330	794
834	14	98
679	24	195
189	28	188
618	88	27
745	318	724
67	54	518
732	264	732
776	304	226
225	124	93
791	352	724
648	298	648
755	106	13
435	70	618
137	302	120
883	54	349
184	94	118
675	94	389
222	70	276
626	24	195
456	54	349
612	76	165
431	58	486
594	50	485
662	230	521
79	64	505
721	14	646
592	258	326
200	82	110
178	54	175
426	56	72
177	202	27
667	54	67
266	174	414
120	304	888
50	36	314
363	78	526
814	24	195
631	36	659
279	18	92
370	18	705
24	22	11
673	14	435
266	174	405
525	162	372
136	242	25
32	94	103
877	76	225
348	232	102
249	88	27
278	38	652
266	174	581
307	10	177
436	164	88
490	48	327
524	232	178
79	64	468
37	88	166
281	14	238
136	298	136
280	304	754
163	160	219
876	262	777
551	16	75
694	328	25
689	98	484
581	34	266
226	76	755
175	232	809
201	28	338
17	70	634
1	318	377
219	166	755
538	116	411
667	54	178
588	60	669
19	88	27
340	212	842
88	30	214
374	34	337
868	18	705
325	94	22
868	180	700
409	0	1
755	106	27
473	178	67
257	24	195
122	82	27
20	16	675
412	56	72
880	4	5
615	10	177
790	28	878
640	56	72
879	18	258
178	232	513
666	54	175
727	38	92
390	94	503
127	60	124
791	14	435
131	56	72
502	114	337
355	14	238
348	162	456
883	162	372
83	68	874
92	28	142
123	12	410
882	24	31
109	60	669
566	166	190
705	28	278
520	124	888
372	54	83
431	58	282
876	202	480
12	10	177
526	232	67
300	24	195
436	38	258
524	110	519
157	94	650
746	236	692
643	158	110
440	28	885
654	60	371
398	122	593
59	34	197
163	240	708
545	252	545
178	54	315
663	106	876
343	108	826
262	60	669
367	24	31
694	52	25
83	54	625
752	258	377
394	114	337
347	230	191
342	314	25
547	88	27
838	216	60
418	98	335
59	184	395
83	232	102
11	48	327
790	28	803
268	174	736
835	10	480
118	180	758
200	60	371
18	60	669
292	298	292
325	60	146
385	60	669
32	78	102
787	332	490
190	106	110
128	0	745
456	232	348
707	42	57
245	42	57
137	10	342
381	164	88
355	10	110
436	10	455
410	208	665
322	82	27
302	84	651
584	60	669
73	182	724
96	322	27
513	68	101
128	60	371
840	82	27
863	60	193
881	60	146
712	82	27
270	28	369
772	56	72
700	14	435
230	78	67
118	24	195
10	10	342
220	124	754
830	60	543
94	106	280
30	18	796
162	10	490
556	62	11
673	10	490
188	20	25
822	94	577
526	54	315
795	10	27
511	36	218
73	58	84
33	108	756
59	114	197
215	56	72
422	56	72
395	106	480
258	28	369
751	82	27
248	134	10
66	98	807
180	136	664
332	58	457
398	304	612
883	68	84
618	38	270
424	174	736
899	0	1
52	14	238
102	68	486
435	70	176
758	38	92
136	192	447
813	36	194
719	52	25
267	256	692
310	56	72
624	116	411
578	60	371
476	82	27
13	48	327
604	14	435
83	110	514
592	314	25
339	24	195
705	28	345
547	246	488
455	160	93
158	102	207
33	108	304
454	10	592
60	292	235
192	24	195
12	32	382
239	82	27
864	18	92
423	164	88
39	160	754
493	10	39
772	60	669
91	180	16
178	232	67
194	60	104
24	116	411
412	0	1
412	82	27
27	96	846
791	56	72
93	230	120
513	232	809
406	60	104
809	54	67
853	194	88
801	24	195
887	202	308
103	60	170
404	166	663
507	18	49
333	32	402
1	318	308
552	24	195
621	26	694
67	162	666
110	258	27
738	330	206
120	70	187
458	170	768
439	82	27
456	162	372
241	84	242
401	20	25
602	12	147
309	24	195
784	106	451
763	70	24
372	232	67
134	18	250
858	120	212
596	164	88
647	154	88
123	132	703
667	54	625
895	84	595
88	30	326
786	24	31
621	326	783
544	26	689
470	82	27
621	26	571
110	122	593
811	136	611
22	84	664
763	70	762
95	10	177
762	32	277
10	10	326
693	64	505
322	24	195
42	38	705
231	0	745
0	130	367
816	108	819
429	208	785
895	94	421
828	100	488
242	18	23
536	82	308
876	304	754
95	32	43
403	106	191
83	54	348
208	10	11
163	160	877
616	304	93
141	60	124
326	262	777
271	38	844
888	76	567
396	86	529
625	68	101
801	60	371
259	20	25
748	306	724
334	0	1
85	70	823
692	174	736
684	178	102
626	94	313
855	56	72
715	60	170
609	106	870
442	60	669
88	336	353
673	10	768
660	82	27
625	54	456
521	122	593
835	10	342
191	160	877
445	24	195
102	54	523
52	164	88
307	10	120
40	28	493
298	208	562
21	12	489
386	24	195
228	84	653
514	56	72
20	16	564
822	12	791
94	124	219
123	60	669
331	0	745
273	24	195
707	188	707
891	82	27
372	54	315
609	106	39
815	88	308
240	60	669
485	18	33
23	136	397
143	252	143
419	32	539
866	82	27
782	38	343
763	70	805
797	28	791
529	18	655
147	10	11
752	102	541
96	160	93
219	76	395
307	10	480
510	94	584
883	68	611
183	72	88
624	88	27
102	110	215
564	24	195
681	252	681
863	60	124
478	14	210
522	304	612
712	18	531
342	304	226
363	12	423
452	18	548
772	84	157
527	0	1
112	36	316
110	258	794
33	136	314
782	88	27
379	10	27
749	14	17
896	58	519
343	28	758
694	56	72
388	88	166
444	234	724
709	28	8
198	60	170
8	88	120
422	84	595
791	126	444
700	20	25
315	110	659
147	10	521
478	20	25
363	18	413
613	60	124
79	64	571
788	138	254
307	10	768
673	10	876
201	28	298
307	10	166
308	304	888
435	70	701
28	180	441
88	30	647
346	14	17
819	50	157
666	162	102
427	34	197
278	86	785
315	162	178
395	112	629
794	102	378
318	136	486
675	18	796
141	24	195
166	258	308
343	28	782
637	82	27
889	24	31
883	68	533
342	160	404
190	124	888
10	32	539
182	82	27
499	0	745
178	232	524
244	180	379
695	56	72
671	88	27
474	142	435
123	18	861
629	88	27
355	32	539
899	2	675
338	20	25
511	36	397
621	222	82
326	258	214
575	24	31
259	10	191
797	28	147
311	60	669
59	138	604
27	244	25
657	132	843
86	56	72
755	106	166
33	108	594
308	258	342
460	18	36
270	28	344
876	304	226
476	60	146
552	94	785
102	68	314
747	36	282
367	212	842
163	160	226
501	116	411
686	296	27
615	32	43
33	136	173
174	178	883
885	14	763
744	24	195
664	84	22
502	114	197
775	14	435
664	82	27
879	18	49
118	0	745
847	42	57
400	164	88
248	134	739
300	212	842
822	94	712
757	28	321
139	16	486
783	94	578
538	88	27
102	68	874
812	18	343
147	10	191
1	318	246
516	246	858
490	160	888
518	110	875
811	108	731
118	194	88
163	160	404
196	34	197
451	160	226
880	194	88
589	18	29
600	116	356
444	18	757
435	70	338
730	136	610
488	342	231
372	232	525
549	10	166
556	112	187
120	160	888
380	18	40
815	88	166
752	102	159
289	334	554
308	202	480
194	82	27
177	262	777
150	136	611
67	232	625
149	310	25
862	254	472
311	82	27
419	86	470
858	296	110
308	258	490
183	94	182
40	28	803
496	10	191
367	0	1
524	232	67
558	36	216
572	28	259
815	32	43
560	304	93
868	94	602
92	28	493
102	232	526
442	158	732
79	64	586
166	102	541
2	60	371
490	316	25
377	220	27
416	56	72
27	48	327
140	0	1
292	252	292
755	106	39
95	10	326
310	10	280
455	160	226
656	32	402
666	54	526
352	56	72
768	316	25
561	10	876
191	304	404
117	164	88
22	60	669
698	94	509
431	58	481
496	10	490
636	0	745
422	94	103
305	310	25
404	76	225
785	134	259
45	252	45
388	88	120
208	10	768
362	84	51
50	36	103
564	158	488
40	28	142
387	18	343
134	94	879
572	28	704
791	86	467
596	10	177
493	10	768
424	174	855
414	114	197
302	82	876
615	10	214
493	10	163
763	70	791
823	334	554
482	24	195
772	18	407
222	70	441
158	102	842
108	232	102
429	164	88
452	18	23
524	232	809
428	18	531
29	136	324
455	304	226
586	344	27
109	24	195
107	110	685
553	60	146
47	174	59
707	296	27
79	170	326
14	24	195
710	164	88
520	106	326
535	296	27
652	136	282
103	56	72
93	230	326
879	194	88
120	202	455
815	32	672
681	362	25
334	82	27
439	82	120
125	60	124
166	304	888
876	202	166
39	314	25
7	360	551
381	14	98
223	94	133
355	10	177
27	350	211
436	10	166
152	10	96
505	328	25
739	20	25
177	160	566
95	10	27
525	54	518
599	0	1
377	316	25
699	24	195
108	54	883
355	164	88
158	316	25
68	232	456
651	60	669
695	82	27
1	318	392
746	236	425
663	106	616
812	0	1
869	272	11
526	54	518
342	202	110
717	242	25
304	50	103
160	164	88
632	78	526
526	232	513
201	28	795
662	230	177
102	232	68
247	18	790
183	0	1
465	18	531
372	162	666
145	84	668
645	246	724
883	232	315
292	52	25
835	116	411
567	106	120
395	106	308
102	68	432
259	10	13
208	10	280
239	60	669
27	96	71
302	94	867
698	158	724
836	82	27
348	232	315
224	94	664
498	18	440
123	94	699
79	216	665
600	88	27
110	48	399
275	56	72
14	60	124
252	10	27
281	38	844
236	122	593
569	196	606
712	94	822
567	124	226
662	166	94
662	230	110
560	258	616
588	24	31
200	18	92
79	64	719
178	54	83
348	162	315
883	162	175
734	294	623
120	70	775
855	144	425
372	54	523
282	94	118
859	0	1
497	184	395
510	84	584
380	24	195
67	54	348
375	56	72
727	14	435
10	14	210
166	304	404
325	60	124
326	258	455
287	84	286
664	18	23
658	36	32
574	192	604
772	18	771
67	68	230
431	58	203
562	18	189
178	232	667
856	190	692
397	158	576
629	32	382
531	136	602
675	60	193
310	88	27
796	28	271
92	28	379
232	82	27
700	14	763
641	226	808
181	88	27
529	12	396
799	4	5
799	56	72
467	94	91
127	294	623
883	68	363
623	224	12
441	88	27
107	54	625
583	60	669
879	94	466
602	84	867
27	96	770
671	146	127
77	62	110
142	88	27
352	14	430
223	94	134
65	82	308
885	88	166
753	92	752
454	32	382
589	60	669
20	16	889
836	0	1
125	12	739
805	10	11
621	326	263
671	14	98
635	34	337
79	216	327
177	160	226
495	136	133
609	106	521
753	188	753
566	76	190
557	116	411
797	28	272
337	190	47
629	164	88
374	114	266
71	298	71
420	84	471
561	10	191
793	18	614
523	54	107
120	160	219
621	26	468
643	24	31
807	212	159
266	174	850
349	232	883
404	166	94
49	136	48
137	10	110
638	186	27
133	82	27
703	18	29
486	18	829
805	14	435
343	28	142
415	56	72
856	174	446
307	10	616
609	106	236
22	84	324
194	158	488
498	84	144
690	24	31
884	18	797
470	24	195
802	194	88
338	116	411
60	46	88
792	136	881
408	60	371
621	222	718
35	298	35
114	94	785
448	60	837
34	222	729
462	50	134
533	0	1
79	64	136
605	26	545
456	162	883
509	94	510
190	106	451
496	10	521
315	54	372
403	124	93
515	18	792
365	296	27
67	162	175
395	124	219
114	60	193
198	18	829
225	106	177
377	102	207
219	76	225
594	50	772
174	56	72
473	24	195
646	70	721
585	94	509
486	84	485
673	10	455
40	28	221
727	88	214
41	14	435
618	32	43
701	10	163
380	180	379
626	60	170
27	202	191
232	310	25
888	76	94
670	88	27
645	208	665
542	310	25
141	180	142
315	54	178
251	24	195
736	236	856
755	106	96
262	18	655
513	232	524
770	296	27
475	24	195
315	266	315
231	130	141
580	292	110
101	60	170
495	136	224
805	10	191
605	222	88
852	186	27
59	34	266
349	162	348
881	56	72
897	94	533
147	300	335
693	64	608
208	10	166
47	174	405
10	32	382
113	294	623
750	108	594
73	58	203
662	230	163
625	232	526
894	36	814
757	28	618
154	130	275
379	208	785
330	364	166
555	88	27
656	32	672
67	68	725
631	36	257
884	60	193
102	54	456
166	160	566
67	68	611
390	24	195
302	180	710
832	60	669
492	56	72
675	94	114
716	88	27
785	180	369
846	102	378
351	84	668
239	18	565
149	94	113
764	18	792
760	24	31
150	108	594
485	312	809
826	152	291
190	106	455
655	136	231
787	94	786
886	56	72
229	10	27
19	14	435
229	116	411
572	28	791
868	84	867
526	110	373
353	30	308
94	124	93
625	68	812
621	26	717
605	222	82
155	296	27
566	354	708
526	68	684
190	106	13
472	36	812
626	60	104
272	282	834
19	164	88
864	24	195
0	24	195
431	58	897
92	28	344
863	60	371
396	14	763
408	214	554
459	220	27
530	132	118
775	20	25
171	28	782
483	100	488
355	10	308
464	60	124
505	242	25
564	0	1
41	88	308
102	110	316
56	188	56
272	164	88
576	288	260
857	116	411
308	122	593
881	60	669
497	114	47
108	54	526
67	68	684
556	62	110
198	294	623
671	10	27
503	84	390
480	202	120
753	324	753
165	106	480
732	56	72
664	94	224
110	304	93
409	18	796
83	232	372
585	84	510
220	106	308
184	60	146
279	18	797
768	288	261
670	208	785
782	164	88
790	28	721
647	48	399
573	20	25
410	164	88
899	158	392
618	10	27
771	108	819
895	18	816
897	178	102
527	82	120
264	142	222
652	28	706
92	108	845
381	20	25
270	28	727
79	170	163
789	196	606
30	60	371
83	162	518
632	60	124
152	10	13
425	174	855
652	28	345
883	54	667
526	232	372
1	318	528
74	82	27
876	304	612
1	318	616
345	164	88
120	70	105
191	202	110
34	222	622
805	88	120
662	230	490
497	114	337
626	0	1
252	14	100
317	0	1
701	164	353
110	304	219
879	84	466
177	160	877
440	28	710
102	54	315
102	232	513
92	28	504
890	24	195
775	10	768
525	232	178
504	88	27
143	56	72
747	36	174
237	20	25
609	106	451
83	54	175
567	124	93
540	82	27
5	24	195
876	304	93
436	10	27
565	28	278
802	158	488
389	24	195
678	82	27
440	28	271
134	18	531
67	110	373
137	10	480
166	304	93
739	146	114
790	136	305
783	24	195
767	10	27
315	162	518
612	354	708
791	20	25
288	24	195
185	84	184
853	0	1
403	124	877
675	130	240
571	292	27
775	10	177
613	18	368
1	318	865
607	26	571
618	38	797
824	32	382
493	10	177
655	136	664
454	10	480
813	254	472
841	82	27
581	34	337
332	134	739
835	10	280
92	28	176
775	10	308
444	60	170
459	56	72
127	214	554
567	106	342
888	230	39
613	18	180
333	32	539
93	230	13
507	0	1
83	68	512
103	24	31
403	106	342
11	160	566
321	10	27
87	24	195
511	36	695
287	94	286
560	262	777
345	88	27
791	38	757
214	160	93
67	110	514
231	18	407
490	304	404
287	0	1
113	84	827
655	28	188
296	154	38
767	10	11
70	172	192
94	106	166
197	174	46
523	162	372
799	24	195
70	172	334
833	60	669
217	254	112
615	10	342
485	130	5
4	56	72
421	84	422
114	18	565
511	254	328
95	10	342
616	244	25
140	194	353
704	14	435
860	60	371
166	48	327
641	226	737
573	14	763
85	70	474
79	170	39
689	196	849
499	24	195
19	32	382
10	10	280
421	84	595
432	60	170
180	28	791
524	232	883
179	234	308
694	242	25
625	232	348
90	24	195
605	222	622
73	292	120
767	116	356
344	88	120
827	78	809
34	26	694
102	54	883
739	10	308
110	240	708
616	304	888
95	32	539
636	212	842
681	56	72
163	202	342
897	0	745
475	158	858
309	60	669
767	10	110
775	88	308
109	0	1
94	106	96
463	60	124
889	18	440
147	38	797
519	56	72
315	54	108
15	14	98
703	24	195
883	54	348
869	272	876
174	0	1
67	54	372
847	188	847
817	18	797
71	242	25
206	122	27
8	164	88
760	94	121
275	310	25
370	132	546
3	60	669
684	78	456
351	94	145
307	10	455
490	160	662
685	18	33
613	0	1
83	54	178
876	202	120
304	50	317
460	194	88
166	240	708
755	106	480
278	14	153
347	354	708
815	32	539
581	114	266
495	136	439
470	12	661
626	94	314
22	18	180
326	122	593
92	136	389
324	82	27
735	56	72
352	20	25
372	110	481
805	10	163
349	54	348
627	88	27
531	136	783
496	10	876
372	110	514
830	94	657
524	232	523
60	292	177
460	100	488
101	158	724
643	60	669
24	208	332
113	310	25
315	232	83
757	136	827
761	48	327
796	28	691
200	18	796
737	250	808
454	10	616
147	14	222
108	68	422
393	116	411
480	160	662
368	28	885
339	212	842
258	28	501
14	60	193
572	28	710
230	24	195
188	88	490
231	60	669
880	310	25
701	10	166
251	18	531
89	82	166
528	262	777
875	56	72
161	88	27
388	86	387
637	60	146
136	52	25
240	130	675
84	60	669
618	32	382
531	136	703
665	66	82
40	136	30
32	18	829
15	56	72
225	106	120
25	56	72
490	160	226
36	136	599
869	272	342
532	82	27
425	174	746
661	32	539
704	164	88
92	28	271
137	10	214
872	108	601
95	10	592
637	60	124
408	60	669
152	10	11
465	84	466
483	82	27
801	12	561
761	316	25
68	54	108
625	232	524
449	28	176
844	28	762
720	296	27
121	84	760
94	106	455
540	158	488
751	60	170
801	82	27
632	0	1
409	94	408
125	12	26
289	198	288
472	36	74
565	28	346
896	58	123
185	60	124
83	68	194
269	84	515
364	170	392
208	32	382
556	62	308
673	164	88
151	262	777
463	60	371
347	230	110
119	32	539
662	230	191
827	60	170
578	18	250
102	68	383
15	20	25
173	94	626
79	170	13
741	298	741
266	174	46
544	26	694
406	78	456
223	84	498
840	60	124
607	326	882
785	84	279
5	158	488
83	110	519
489	10	166
303	24	195
140	82	27
232	18	407
511	36	32
6	172	339
102	232	175
142	116	411
409	60	193
348	54	372
86	142	435
552	60	371
456	232	102
174	178	625
805	10	27
785	134	419
103	18	33
110	48	327
398	304	93
438	10	166
458	170	794
108	54	107
667	54	456
809	232	883
450	4	90
180	28	805
331	82	27
835	10	120
454	14	17
592	304	93
772	82	27
454	10	308
867	18	36
480	48	327
465	82	120
103	84	362
673	10	120
648	344	27
410	10	27
166	102	842
165	106	27
342	308	25
187	10	342
272	14	430
401	246	858
141	94	812
181	14	153
850	34	197
467	18	23
561	10	308
711	34	337
666	54	513
602	18	531
13	48	399
77	62	11
530	18	23
736	56	72
141	18	796
102	162	349
36	28	493
27	304	566
251	18	250
27	96	735
281	32	43
666	232	526
752	122	27
247	0	1
175	232	883
455	316	25
369	164	88
883	68	194
102	54	108
673	10	280
775	10	480
178	54	809
275	24	195
286	60	124
518	110	457
1	318	132
763	70	815
643	132	644
868	194	353
429	88	27
528	296	120
596	10	163
747	254	511
163	202	480
1	318	582
271	208	665
120	202	110
455	202	308
65	18	270
368	28	272
547	20	25
343	136	118
177	48	327
496	10	616
689	270	821
775	10	110
686	122	27
734	0	1
413	108	756
785	84	552
387	18	250
496	88	177
94	106	120
575	0	1
55	170	521
472	36	481
616	48	327
283	60	669
351	60	371
34	26	608
10	302	120
783	82	27
271	14	702
182	60	543
375	296	27
677	158	301
454	10	191
461	88	166
860	82	27
828	82	27
728	298	728
621	326	613
214	48	327
114	84	552
283	12	596
651	0	1
750	108	756
876	240	708
500	66	82
611	82	27
555	14	763
178	54	518
343	28	436
532	194	88
68	54	315
634	32	539
166	314	25
111	60	104
404	354	708
675	84	674
266	174	394
567	124	219
55	216	27
575	0	745
565	28	706
287	82	27
68	232	625
456	68	174
542	60	104
27	350	810
885	32	402
27	96	717
695	94	485
885	32	539
102	68	317
85	112	739
29	136	530
725	60	104
383	18	413
187	10	280
176	10	280
610	158	724
223	18	440
581	34	197
417	26	35
306	28	721
638	86	408
341	38	709
223	84	134
166	304	566
860	60	124
844	28	105
646	70	52
785	18	189
609	106	120
899	84	465
564	60	124
452	18	250
518	162	102
37	20	25
242	18	705
395	106	166
355	88	27
189	136	665
174	178	83
849	262	777
450	4	639
404	76	94
398	48	327
289	70	289
572	28	338
79	64	292
867	180	767
0	82	27
814	60	104
315	54	525
282	12	393
129	86	675
695	78	809
436	8	9
150	108	819
28	24	195
796	28	671
369	32	382
444	82	27
198	60	371
861	28	627
83	232	68
764	60	669
237	300	675
88	30	768
460	12	762
264	142	210
442	94	312
265	114	197
54	40	458
123	82	27
810	120	212
248	134	401
755	106	11
137	14	98
60	46	353
131	370	132
226	230	27
513	54	526
67	110	457
587	256	856
881	132	127
754	166	663
790	118	193
615	10	27
484	60	146
426	368	88
180	28	41
24	14	17
749	14	210
721	88	27
515	18	829
583	60	193
282	18	258
20	16	113
41	88	120
88	30	120
609	106	11
805	10	110
137	10	308
111	24	195
867	84	302
759	56	72
10	10	191
518	54	372
230	60	104
681	292	27
134	180	671
862	36	194
182	24	31
258	136	801
199	302	120
522	102	541
108	54	625
546	60	124
844	108	462
772	24	195
268	174	746
19	32	539
846	122	27
343	108	290
897	234	724
662	166	190
814	60	726
467	60	543
759	220	27
71	362	25
392	288	261
546	60	146
12	10	163
799	60	669
574	56	72
349	162	456
789	196	718
282	18	652
843	158	724
23	28	352
695	24	195
569	56	72
129	32	539
270	108	845
474	368	88
48	0	1
60	56	72
456	162	525
107	162	315
648	56	72
532	56	72
197	174	497
18	82	480
632	212	842
157	82	27
592	258	214
362	82	27
27	96	574
772	60	104
464	12	97
864	0	1
618	10	308
120	96	724
300	78	456
325	94	134
523	232	524
775	10	11
79	170	308
805	10	616
134	84	133
12	10	166
94	106	27
347	76	395
435	70	187
1	318	535
796	28	710
119	14	153
835	14	210
315	54	526
503	60	371
92	136	675
55	170	27
521	240	708
350	0	1
818	108	731
593	316	25
813	36	748
308	314	25
333	10	27
400	142	435
366	172	0
751	60	669
289	142	98
767	56	72
27	96	848
822	94	578
830	24	31
315	54	883
691	32	277
801	18	652
480	258	342
60	292	11
809	232	667
511	36	231
717	298	717
327	46	353
496	10	280
282	60	124
275	286	154
191	314	25
404	166	395
107	54	372
827	312	348
152	20	25
493	10	110
8	116	411
883	232	667
372	54	67
457	24	31
386	82	27
10	10	166
733	32	43
772	294	623
150	108	304
493	10	308
12	10	280
462	50	439
793	212	842
377	296	27
33	108	731
511	36	257
746	236	856
868	18	531
812	94	141
11	304	226
680	26	719
485	82	27
488	96	732
300	132	611
804	82	27
358	124	357
174	78	625
797	28	493
4	60	371
95	10	480
102	110	519
83	232	456
44	222	88
27	266	27
388	14	98
214	160	888
657	18	368
471	84	470
188	116	411
608	98	854
374	34	47
351	60	669
532	60	669
372	54	348
501	14	702
750	28	419
147	38	270
281	56	72
629	10	27
844	28	272
27	322	451
102	110	373
609	106	13
74	234	488
817	24	195
180	108	462
287	60	193
701	10	27
473	60	781
558	36	232
199	14	98
234	24	31
163	244	25
118	12	504
79	216	60
493	116	411
413	108	731
480	258	166
266	174	59
406	178	67
860	212	842
20	16	263
550	10	27
112	36	611
846	364	27
686	102	842
41	20	25
177	244	25
197	174	427
625	232	83
671	116	411
794	220	27
191	48	63
697	300	487
27	160	888
148	28	758
120	304	404
12	10	876
270	28	147
496	32	43
308	202	166
21	82	27
325	214	554
102	68	74
456	232	67
102	54	518
432	178	518
342	202	480
1	318	433
796	28	697
455	304	888
526	232	102
414	34	266
88	30	616
114	94	675
526	232	523
706	32	382
326	304	93
590	298	590
102	68	812
519	234	724
118	158	488
834	282	272
303	60	669
51	82	27
899	60	669
779	188	779
163	202	308
384	10	27
388	38	250
289	368	88
162	14	435
888	166	609
83	162	178
324	18	531
602	0	1
143	298	143
274	60	371
332	134	119
597	296	598
324	84	134
67	54	456
123	94	14
611	310	25
653	60	371
173	60	669
675	60	669
425	358	424
79	216	45
322	56	72
404	166	609
883	232	68
22	18	449
522	304	226
701	208	785
632	60	781
779	42	57
689	56	72
121	60	543
747	254	558
711	114	47
147	86	303
102	162	83
606	336	88
618	10	163
262	24	31
736	144	425
861	28	723
654	24	31
284	148	280
666	232	349
871	196	849
83	110	203
162	88	27
283	60	124
383	56	72
869	272	236
615	10	455
733	14	153
83	68	684
73	58	215
791	38	148
526	162	809
714	60	669
631	36	533
200	24	195
27	96	365
175	232	349
398	316	25
220	124	404
456	162	175
272	38	797
583	60	371
127	132	881
407	136	610
141	18	189
863	312	315
357	230	120
214	304	226
549	164	88
607	26	789
403	106	166
2	24	195
488	342	154
270	136	65
876	202	27
32	94	421
490	304	754
174	78	102
683	56	72
269	94	880
680	26	45
609	106	876
119	14	763
365	56	72
753	284	25
791	32	382
509	60	669
110	102	842
610	94	116
349	232	456
525	162	178
791	38	790
311	60	146
592	160	93
466	84	899
663	106	27
890	194	88
607	26	391
37	32	672
59	34	337
37	32	382
757	28	281
699	18	258
313	82	27
263	94	262
486	18	318
797	136	389
657	24	31
214	314	25
595	78	883
657	18	180
757	28	701
408	60	146
513	232	178
420	60	669
882	366	27
438	116	411
585	0	1
609	106	490
767	88	166
219	166	190
178	232	349
23	28	19
259	300	675
102	54	513
27	96	377
518	54	108
518	54	102
83	54	523
808	250	738
885	38	270
471	158	280
741	242	25
883	232	102
1	318	752
137	10	39
12	10	522
392	56	72
199	116	411
803	20	25
816	108	756
671	14	435
883	232	523
472	36	218
120	202	296
271	14	222
658	36	314
776	122	593
698	100	724
1	318	770
27	96	135
28	60	669
552	60	124
891	18	180
307	164	88
873	60	669
725	0	1
426	198	241
555	20	25
157	94	772
596	10	11
13	122	593
258	28	147
841	24	195
621	26	66
524	54	83
403	124	219
102	68	113
338	56	72
223	18	23
857	14	435
321	86	651
595	56	72
791	290	411
680	26	80
509	0	1
326	160	754
27	96	136
341	10	110
398	304	888
610	60	104
352	116	411
343	108	845
501	246	724
435	70	795
226	230	163
653	0	1
178	232	456
844	28	344
824	20	25
274	94	273
219	166	609
876	258	39
147	10	27
214	316	25
734	82	214
480	160	219
357	230	280
231	194	88
552	18	790
782	38	531
431	58	257
785	134	898
435	70	762
271	38	92
526	54	625
640	296	27
270	28	493
214	258	326
147	14	435
824	10	27
844	28	493
535	220	27
307	10	490
739	10	280
184	84	185
344	208	665
746	144	692
314	84	103
436	116	411
272	20	25
725	24	195
835	14	222
703	180	823
83	54	108
518	54	526
795	20	25
34	26	719
162	10	768
888	166	190
68	54	102
479	24	195
795	32	277
147	32	672
129	116	411
498	18	306
638	142	435
771	108	756
141	18	40
749	10	120
805	10	521
397	18	861
40	28	557
67	110	519
341	10	280
110	304	888
591	18	92
455	244	25
755	106	110
464	294	623
248	134	436
321	14	153
11	258	455
621	26	45
50	254	658
14	82	768
586	204	25
867	94	303
279	82	27
149	60	104
454	10	521
102	68	101
120	160	347
524	54	666
451	322	27
332	134	550
147	32	539
296	154	88
269	24	195
869	272	39
272	88	27
496	10	163
263	310	25
22	18	126
380	60	193
280	48	327
395	106	280
660	18	29
178	232	523
473	178	102
102	54	524
35	196	88
325	82	27
733	10	11
33	136	103
634	14	17
675	94	127
632	60	371
824	14	153
473	60	104
184	60	124
337	174	46
621	26	136
190	106	27
436	10	490
540	60	669
597	308	25
105	164	88
12	10	480
224	194	88
369	246	488
601	50	302
59	138	254
154	84	713
144	84	498
286	82	27
95	116	411
5	130	485
345	116	411
141	18	790
258	28	878
625	68	445
92	108	462
561	10	480
401	302	120
412	194	88
876	342	470
747	254	747
868	24	195
581	114	197
647	322	166
293	60	837
29	28	824
383	60	669
1	318	490
616	304	612
710	32	382
141	60	371
860	72	88
341	10	191
236	154	88
615	32	539
354	88	27
468	252	468
93	76	395
511	36	457
303	12	147
108	54	456
701	10	308
348	54	178
166	322	451
73	46	88
844	28	791
127	18	477
531	136	867
48	82	27
710	14	435
565	136	114
549	10	616
67	162	315
93	230	490
352	86	664
489	116	411
163	202	455
191	202	455
67	162	526
148	28	271
79	64	35
522	258	398
809	232	456
844	28	691
342	48	399
783	0	1
461	86	460
648	362	25
567	106	308
80	328	25
341	14	435
358	106	490
666	232	525
263	60	146
129	146	503
768	48	399
123	94	283
67	232	526
398	244	25
178	68	874
531	136	577
1	318	847
175	54	666
596	10	27
237	32	382
620	258	392
149	18	811
83	232	666
711	34	197
30	18	40
813	36	542
372	54	518
833	82	27
866	24	31
526	232	175
208	164	88
67	68	363
27	96	206
163	202	110
520	106	13
306	136	224
503	60	146
684	78	102
136	56	72
612	166	165
843	18	709
13	308	25
102	232	372
95	10	280
881	132	880
304	50	362
225	106	521
32	60	726
813	36	113
812	56	72
311	24	31
754	166	220
686	364	27
42	88	27
184	0	745
139	16	772
198	60	669
609	124	888
33	136	32
540	82	214
233	0	1
311	18	359
651	82	27
618	38	29
12	10	27
471	84	420
472	36	542
231	24	31
775	38	844
483	0	1
165	106	876
333	20	25
599	24	31
127	94	251
10	10	27
435	70	384
785	134	229
353	70	691
314	24	195
472	36	383
700	88	166
767	88	120
178	110	875
67	232	68
14	294	623
250	136	282
282	18	343
480	202	191
456	54	625
94	106	326
662	76	94
897	84	533
571	46	88
531	28	369
567	106	876
776	160	226
857	88	110
355	10	876
663	106	280
199	32	382
166	316	25
120	70	423
884	24	195
127	60	146
14	310	25
342	244	25
634	32	277
380	18	796
24	88	120
704	10	27
551	16	832
190	106	768
197	174	265
398	258	522
178	54	625
352	88	120
805	14	153
518	54	525
759	102	842
83	68	695
343	28	429
805	10	177
175	232	456
697	116	411
526	210	67
785	18	565
152	10	342
515	84	269
83	54	68
125	82	27
621	222	606
312	94	442
305	18	180
134	94	325
15	10	39
567	124	888
879	94	465
250	28	782
167	14	222
196	114	47
652	136	325
142	208	785
641	226	738
19	20	25
46	184	395
326	96	768
763	70	369
127	12	671
681	182	488
208	208	785
358	106	27
876	48	327
638	334	554
877	76	94
178	232	348
41	14	825
221	164	88
419	86	471
796	118	82
784	106	521
466	0	1
605	26	66
739	164	88
310	10	27
876	304	888
83	54	526
348	232	525
589	130	588
171	28	723
286	0	1
525	232	666
156	24	195
657	82	27
577	158	707
397	60	146
565	28	188
661	14	17
305	194	88
544	26	608
39	160	888
271	88	27
455	258	326
333	14	153
481	56	72
102	54	175
326	160	93
377	258	752
754	166	225
88	30	528
472	36	317
303	94	602
163	48	327
800	30	490
656	164	88
24	14	763
134	84	22
498	84	223
155	120	212
881	60	124
248	134	824
342	248	414
771	108	594
472	36	445
259	10	166
577	18	531
881	0	1
27	96	728
163	262	777
757	28	161
567	124	404
760	84	121
404	76	395
805	164	88
658	36	173
420	212	842
362	78	102
845	152	291
357	230	11
88	356	263
761	160	226
703	18	343
533	78	883
856	358	424
372	162	526
625	54	667
167	142	222
431	58	473
478	14	222
421	78	456
34	222	849
596	10	490
67	232	456
314	56	72
349	54	102
883	68	695
561	10	120
563	32	402
362	312	883
879	60	124
681	274	25
739	10	876
640	284	25
459	262	777
470	12	419
83	68	406
828	60	104
596	10	455
754	166	94
127	24	195
869	272	280
790	28	117
757	28	142
101	24	195
713	2	324
5	60	371
455	202	166
715	24	31
700	14	222
302	18	440
512	0	1
318	108	594
1	318	778
618	10	177
12	10	592
343	108	462
520	106	110
769	42	57
883	232	809
422	94	32
47	190	337
266	174	497
397	18	36
342	154	353
440	28	721
228	94	653
675	60	371
350	60	371
435	70	727
178	232	525
556	320	455
883	232	525
27	96	741
77	320	13
456	232	523
144	82	120
86	186	27
761	122	593
262	294	623
820	56	72
881	82	27
120	202	308
110	304	612
444	0	1
869	272	490
403	106	876
349	162	315
516	20	25
451	160	888
489	10	876
614	28	823
833	24	31
868	132	420
332	134	618
523	110	514
835	290	356
341	88	120
90	306	280
83	232	178
835	88	110
518	54	524
380	0	1
844	28	142
67	68	149
348	54	102
846	258	459
161	164	88
244	212	842
782	116	411
380	60	124
883	162	348
351	94	350
638	38	359
275	60	669
547	14	98
531	136	578
482	56	72
85	336	82
857	164	88
110	202	163
795	146	591
609	106	214
682	18	36
612	166	358
83	54	67
88	262	777
572	28	782
201	28	629
509	24	195
452	18	29
666	232	625
83	232	349
59	114	266
883	232	349
273	94	274
565	28	600
120	202	480
369	38	440
754	76	395
809	162	456
248	134	419
387	24	195
190	106	163
789	242	25
758	116	411
883	232	456
47	174	46
178	162	456
775	10	120
713	130	324
305	60	669
582	296	27
128	158	488
241	82	27
616	262	777
419	116	411
525	232	83
585	94	584
308	202	110
348	232	178
148	28	105
33	136	313
262	18	614
566	76	395
588	18	23
453	82	27
869	272	776
27	96	45
633	60	669
442	24	31
846	296	27
656	32	382
91	0	1
768	160	888
27	96	158
343	28	119
40	28	429
315	232	102
214	96	213
102	68	863
448	60	193
219	230	27
293	24	195
684	78	348
55	170	326
535	284	25
304	50	230
561	10	490
899	24	31
869	272	521
620	120	212
667	232	526
40	108	64
622	262	777
67	266	67
396	32	539
315	232	883
307	10	876
662	230	11
768	122	326
663	106	535
83	232	67
591	18	797
663	106	163
239	60	124
681	52	25
333	32	277
494	18	36
220	124	888
226	230	768
435	70	271
275	228	154
120	70	188
307	10	96
856	174	587
183	130	650
650	130	183
542	60	669
876	202	191
307	10	280
746	256	692
206	102	842
127	310	25
67	54	315
466	24	195
525	232	667
458	170	846
759	102	378
636	158	724
230	78	666
809	232	83
302	18	306
95	10	163
91	18	531
739	302	120
480	314	25
512	56	72
359	28	474
141	18	23
797	136	675
480	160	754
758	246	488
633	94	324
307	22	27
448	24	31
552	18	565
528	322	27
557	14	435
637	60	371
253	56	72
496	32	539
524	54	315
648	192	443
282	60	146
748	178	625
561	20	25
166	202	480
629	88	166
697	38	306
84	0	1
10	10	308
590	196	88
10	290	356
767	10	120
370	332	191
639	0	745
451	308	25
166	304	877
895	94	422
334	100	488
153	70	352
639	212	842
96	244	25
524	232	525
1	318	155
175	54	456
132	220	166
424	190	856
455	202	191
358	106	876
325	0	1
118	214	554
65	82	27
664	56	72
547	146	487
456	68	473
802	18	705
557	20	25
839	274	25
308	244	25
883	68	827
188	86	231
326	70	493
278	164	88
165	106	342
661	14	435
191	240	708
79	170	776
276	88	120
618	14	98
888	76	609
549	10	768
565	28	634
341	32	539
95	20	25
286	60	193
357	230	342
876	244	25
346	14	435
147	86	602
572	28	878
197	190	266
280	304	357
10	10	96
326	322	647
351	194	88
892	320	707
200	60	193
610	128	772
224	0	745
83	162	456
354	32	382
120	258	308
34	26	590
466	84	879
404	76	567
34	26	689
349	54	526
618	10	342
548	28	824
223	60	669
282	18	705
114	84	785
431	58	412
702	70	429
878	56	72
343	28	671
299	82	120
567	106	13
867	12	147
631	36	412
11	160	877
423	246	724
387	18	40
216	56	72
300	178	315
626	18	318
763	70	187
110	304	566
614	28	852
357	230	480
584	94	585
27	160	877
230	0	1
283	12	167
228	180	227
792	136	880
102	68	230
308	202	876
768	160	93
484	60	371
484	84	483
120	70	338
625	54	524
846	316	25
305	12	410
880	60	146
41	10	27
585	100	488
323	60	371
565	136	562
867	18	531
747	36	559
343	372	291
424	190	268
869	272	768
610	194	88
169	18	757
96	122	593
897	18	407
431	58	313
21	24	31
716	164	88
518	54	315
258	136	28
175	232	666
456	232	349
349	54	667
744	158	488
197	174	336
549	10	27
598	96	597
310	14	98
867	310	25
597	258	616
651	94	465
395	106	490
794	296	27
535	308	25
480	202	455
452	24	195
358	106	326
147	10	560
529	18	705
167	368	88
859	82	110
558	36	406
827	78	348
607	26	569
885	146	185
302	12	710
105	20	25
369	32	539
342	304	877
767	10	616
390	0	1
621	26	789
822	82	110
765	158	732
108	54	315
490	160	566
472	36	748
303	84	868
760	94	122
673	10	214
698	94	584
754	166	395
273	82	27
396	88	27
67	54	83
746	144	268
342	160	888
269	0	1
372	232	526
444	24	195
372	68	725
127	94	675
221	14	98
607	26	689
771	136	218
719	328	25
342	202	876
461	20	25
180	372	291
185	0	1
849	336	88
307	116	411
67	162	178
621	26	292
226	230	11
705	28	634
454	10	120
46	114	337
302	72	88
835	32	539
68	54	372
194	56	72
850	114	47
827	56	72
844	28	538
510	84	585
10	14	17
830	234	27
26	10	27
117	14	435
134	94	224
888	230	876
817	60	193
337	190	197
348	232	526
173	18	33
785	94	552
83	162	102
282	310	25
670	14	98
655	56	72
454	10	163
664	18	368
466	12	555
542	82	110
599	18	449
419	56	72
459	364	27
94	106	191
26	10	308
14	60	669
346	14	222
809	54	456
780	288	260
166	308	25
314	94	313
365	120	212
451	160	93
142	14	153
877	166	225
587	256	268
352	14	435
736	256	856
338	32	382
888	76	190
1	318	780
226	230	776
625	54	83
128	94	127
102	68	485
480	262	777
760	60	669
313	84	173
387	60	371
120	202	27
819	50	895
120	244	25
180	28	673
113	94	827
305	60	124
370	24	195
881	150	289
420	180	419
230	312	178
102	68	173
714	24	195
520	106	27
661	32	382
562	66	82
480	304	93
40	28	344
448	158	724
549	88	120
785	134	199
573	32	402
222	70	749
114	60	669
231	60	193
883	110	215
346	116	411
868	158	724
435	70	276
397	60	104
681	204	25
251	12	15
149	94	827
513	54	372
372	110	179
465	24	31
167	142	435
735	296	27
869	272	166
353	30	722
38	30	342
180	108	64
576	288	261
221	208	562
658	36	486
307	164	353
158	122	27
306	28	710
283	60	146
534	96	39
102	232	667
354	32	402
456	162	526
362	60	170
835	10	177
148	28	369
602	84	303
656	14	98
822	24	195
102	68	532
108	110	514
40	28	271
728	56	72
835	10	166
349	68	684
122	84	121
12	10	96
784	106	110
335	60	146
51	84	362
355	10	39
435	70	501
512	60	170
147	164	88
307	10	191
162	10	166
664	18	126
166	202	342
820	192	447
337	174	59
466	60	669
783	18	343
355	10	11
69	6	7
201	28	878
229	88	120
21	18	23
883	68	74
561	14	238
325	18	655
365	188	365
895	82	308
878	38	180
91	24	195
577	0	1
315	54	107
46	34	337
414	184	395
615	10	120
460	60	543
489	10	342
110	96	858
589	60	371
307	10	522
319	82	214
144	60	669
763	70	758
137	10	120
51	18	33
372	110	216
183	180	396
548	136	530
611	78	883
635	114	197
783	180	782
177	160	662
596	10	13
826	50	30
102	68	725
397	56	72
250	28	396
198	56	72
531	136	499
454	10	27
629	14	153
22	94	134
395	106	451
442	82	27
868	12	147
166	96	329
278	38	565
550	164	88
747	36	897
660	24	195
725	78	883
822	84	578
818	108	594
524	110	373
308	202	27
311	194	88
123	12	381
93	76	567
225	106	490
121	94	122
602	84	868
442	94	311
749	14	222
51	158	752
387	12	388
95	10	616
805	10	280
522	160	93
93	76	220
618	10	455
162	10	11
533	18	150
163	202	166
525	162	456
79	64	590
368	28	805
183	60	371
120	48	63
95	32	672
57	56	72
472	36	659
45	242	25
666	232	175
573	14	435
99	246	858
83	68	725
404	76	609
478	116	411
436	56	72
137	88	27
498	158	724
426	86	241
767	10	177
465	84	899
95	32	382
238	70	237
656	14	210
187	10	308
784	106	120
342	202	120
615	10	39
19	32	43
176	10	11
283	82	27
451	316	25
588	82	110
475	60	669
28	18	343
797	28	782
315	232	348
620	284	25
66	270	821
85	70	852
578	180	782
404	166	220
73	58	32
405	114	337
357	230	560
408	84	637
232	24	31
318	108	731
165	106	455
728	52	25
466	82	27
665	134	762
595	84	32
511	36	533
276	88	27
451	160	219
613	18	126
520	106	166
39	102	541
823	38	614
456	232	525
513	54	666
642	330	377
454	10	342
150	108	756
67	68	157
54	24	195
440	136	498
167	88	27
784	106	480
84	24	195
895	94	32
666	54	108
375	102	378
308	154	353
793	60	124
564	60	146
556	262	777
336	184	395
533	84	897
666	232	809
618	38	757
110	160	566
403	124	754
342	304	612
83	232	809
120	202	616
163	160	754
671	32	539
384	116	411
691	116	411
392	296	27
233	60	256
52	32	402
333	32	672
895	94	103
516	164	88
485	310	25
110	322	27
807	268	737
357	230	110
190	106	398
636	94	121
665	134	878
10	290	411
621	26	80
308	160	357
414	114	266
827	60	781
134	94	223
359	136	498
102	110	179
695	18	811
67	162	372
876	160	754
856	174	736
673	32	382
795	14	435
767	10	308
675	294	623
441	146	564
214	70	97
898	14	153
487	100	488
435	70	396
109	82	120
441	20	25
315	54	83
668	84	145
813	36	533
755	106	308
468	242	25
357	230	27
758	14	435
71	344	27
151	320	214
464	0	745
180	28	721
236	308	25
764	82	27
429	14	763
772	94	113
79	64	717
657	84	830
27	202	308
461	14	630
736	256	692
177	308	25
795	32	402
336	34	266
898	164	88
869	272	120
686	102	376
386	18	209
315	232	349
549	10	280
885	32	382
187	14	435
360	168	688
766	24	31
455	202	480
492	298	492
883	232	175
226	230	398
552	378	115
123	24	195
404	230	120
665	134	271
97	14	17
