1838	0.0012316189656920292
1204	2.8731323703479633e-05
1839	0.0
1840	0.0007017853980658494
1841	0.0012341600930181492
72	0.09649961850765867
1827	0.0006695879148450891
1842	3.4228730317008005e-05
1843	3.8029798834115696e-05
1222	0.0028633992692442454
1844	0.0007312868738788615
1845	0.0003322377921224398
1846	0.0002975477261776335
1847	3.4461263985524867e-06
1848	0.0013706480257730752
1849	0.0
1850	0.00024803909703745
531	0.0033944407047571622
1851	0.0014442905199665778
1852	0.0006764487521307019
1853	0.0002091525341231781
382	0.0024816160848216175
1854	0.0
1855	0.0005644562574736616
1856	0.00012150257366276218
1857	0.0005878131049651043
1858	0.002035152447111637
829	4.0211813831247644e-05
1859	0.0006971392195908458
488	0.006899779557786119
1860	0.0007906859489751415
195	0.04523314815195866
1136	1.4878186676299951e-05
1861	4.029956062324874e-05
1862	3.4646972460738495e-05
1863	0.00023640000585997863
1864	0.004076578101090067
1865	6.026734382578164e-05
1866	3.6942533619807883e-07
1867	0.00034745708729920537
1868	8.323574259293586e-05
1318	0.00014772984611660238
1869	0.0002758292930773216
777	0.0034023991748319445
1870	0.0006668493516810188
153	0.0003928070286150543
1871	0.0008514410665869625
1872	0.0009747590024445084
1873	0.00044773066384664245
1874	0.0029202297797972375
1875	0.0006141105737481284
250	4.500947660426549e-05
1876	0.000541157988712118
1877	0.00014766414462651315
472	0.0012812182951625123
1878	0.0009275933421544558
1879	0.00015167334411455633
1880	1.1600035253553617e-05
1881	1.019047014710922e-05
1231	0.0003443174869260531
1882	0.0010279683227526148
1883	0.0006769974233370651
1884	0.0
1885	3.180924124329069e-05
1886	0.0002793817677048786
1887	0.0007996904025513144
1275	9.108381048766428e-05
1888	0.00011234125569916125
1751	3.5318563815534783e-05
1889	0.0029714202142122454
1890	0.0013021194986670328
1606	6.182608228497061e-05
1891	0.0044456806431076
67	0.0022996026370470093
1892	0.00011448486835612168
1893	0.000718657640370786
27	0.20915340466009408
1894	5.390075554754578e-05
1895	0.0003858290285210955
1896	0.00042283926171593055
1897	0.0011679477711607465
539	0.0027653224862055244
1898	0.0011627681857337277
1899	0.0010720708056336718
1900	0.000674111063065051
593	0.0001932788599990656
79	0.004329112244442506
1901	0.00025863582575032435
1902	0.002701012349333304
295	1.1241688466740421e-05
1903	0.0004167164930106254
1904	0.0002846894909951097
669	0.034968519980994706
1905	0.0001944300411585563
752	0.00020567640824337697
1906	0.000541461018673485
1907	0.0006794090467118959
1908	0.0011272470746153003
918	4.8096983641527586e-05
1909	3.1126971299756997e-06
1910	4.670271279475317e-08
1911	0.0013642239565201386
25	0.09602520855479255
1912	0.002545789694400141
623	0.000216083084610883
1913	0.0002514174030173397
141	0.0001503697393123568
1914	0.0005862336596977292
1915	0.0009655755883334229
1916	0.0003404778805886272
1917	0.0022640645059814383
1918	0.0010538624627514967
268	0.0002334561241965444
1919	0.0018016562816971758
1705	0.0005519681215797186
1920	0.0006619918790060803
201	0.0003554489861813483
1921	0.00033183384474679635
1922	7.141600354892973e-05
1923	0.001846556052557001
1924	0.0013733341284469915
832	1.2750080981910593e-06
1925	0.00038218300091509333
1926	0.0003863131329365148
989	1.1718860605492212e-05
95	0.0001915734355764421
1927	0.0021443197582213533
1928	4.7388776781646825e-05
1929	0.0013397465172027172
1930	0.0011464349442849963
449	0.00019275501737808337
1931	0.00040022794638736546
1932	0.00026893263523268605
796	0.0010509134830860981
1933	0.0032552324561461463
1934	0.0001539298878401567
621	0.001946549928473848
1935	0.00019035584837632353
1936	0.0005443036581378297
1164	0.0008029278237584201
1937	0.0021996995556494542
1938	3.2215966416326e-05
1939	0.001546753422886818
1940	0.0004370520562215775
1941	0.0004267678384605913
146	0.0021708847512486766
1942	0.000245493811464602
1943	0.0005162278887575914
1944	0.0009287276452361799
1945	0.0012539803438545247
1946	6.289514813064985e-05
1947	0.0001385666376899508
1948	0.0006522558863728269
1949	0.00032414499056891585
1950	0.0017659721050507456
1951	0.0004669320813054376
1952	0.002799727026350605
166	0.0031143090908608514
1953	0.0003803948907780992
1954	0.00011763612631504693
1955	0.0022964733579272853
197	0.0038839723187666544
1956	0.0005138224005970913
724	0.002847346372480414
1957	0.0012968887161661702
411	0.007443513651587231
1583	0.0002024505239385182
1958	0.0006054625985397623
1959	0.0010467307350460174
1960	0.0003853081423179888
1961	0.0005212248784887646
1463	0.00022562083242692397
1962	0.0
1963	0.0009525021023328513
1964	0.00038152385741882
1965	2.6967544947742433e-05
1966	0.004633661055498231
1967	0.000941522940897203
1968	3.2768662074540688e-06
1969	0.0014893026101489998
1	0.056305206977993384
1970	0.0034587030303623056
1971	0.0004633237950186188
1972	0.0006941779709873229
1973	0.0005736411923698519
1974	0.012709724498011396
1975	0.0002973130643663573
88	0.0642783087803602
1976	0.0007960481021131792
1977	0.0035478799518115977
567	2.416551155644829e-06
1978	0.0022113457441440046
1979	0.0008079925078007523
1980	0.0004013837308494784
1981	0.00019724178040763767
1982	0.0001911727690087231
93	0.0002986123491525629
675	0.0005420103698431674
1983	0.00031954764550851003
1984	0.0018054590797094742
1985	0.0007725821769480274
1986	0.0003763408641307517
1987	0.0006746138169320585
1988	5.899488422287074e-05
1989	0.0
1990	0.0005252773411683426
1991	0.0006598657636114834
1992	0.00010636924953272033
1993	0.001331417064217508
1994	0.00045756602117268737
1995	6.886420800017181e-05
1996	0.000986390312468045
1526	0.00024349494212604953
1997	0.00013546272410513253
83	0.001087778292595441
536	0.0
1998	0.0009511358508549931
1999	0.001820416181312
2000	0.0006394296229261661
2001	0.00028132752357904665
2002	0.0002380560968639533
2003	0.0010629004576698043
768	0.0011254731244427613
2004	3.218758100366188e-05
30	1.5785146759167528e-05
258	0.0003048505686192296
2005	0.002288709380828761
2006	0.0013016679026714305
1515	0.0
2007	0.0068491184934196345
1391	0.00039424705551757813
2008	8.567635825047239e-05
2009	0.0001819352432902098
2010	0.00022570239416379716
2011	7.591384700153894e-05
2012	0.0005580486342295262
1620	8.128128757464659e-06
2013	0.0005067748863096031
883	0.002293447665626824
2014	8.279958367436622e-06
2015	0.0011783398479027804
2016	0.0005814624256631194
837	0.00031162208694120896
2017	0.0005147857672090903
2018	5.5757630688842765e-06
2019	0.0006678189930798729
280	0.0030383449677064897
1176	3.802805783369786e-05
2020	0.00021404549031540536
1413	2.4348980475350552e-05
2021	0.0008168438778801033
2022	0.0028799853468717833
2023	0.0006075041785621612
2024	0.0012908745941123084
2025	0.0010539480600008097
2026	0.0004552262248706404
2027	0.0006170795001750095
2028	3.2384180004226137e-07
2029	0.0003120637697424915
2030	0.003937386402469475
2031	0.00048219831318783307
2032	0.0005298510039626431
1364	8.233792625803847e-05
876	0.0018840600064086398
2033	0.0018374719038892072
1481	0.0
2034	0.0028888807136877486
2035	0.0019084970102307575
279	4.956823888267875e-05
11	0.000635863739177133
2036	7.846120309901228e-06
2037	0.00046715293509379426
232	0.0001937723367769644
2038	6.329557554950393e-05
2039	0.00021330757646262886
2040	0.0003980006063845603
2041	0.0005593246218850672
2042	0.00017380435492075994
2043	0.0011233050937731978
2044	0.0008398047269308157
1343	5.903532019435786e-07
2045	0.0031165917725786614
2046	2.6134129647527967e-05
2047	7.778687264623392e-05
2048	0.0012713180893511185
2049	4.819353437633273e-05
2050	4.754276392705733e-05
2051	0.0016423549079331273
2052	0.00042131060956065666
2053	0.00566605332383577
2054	0.00012866369773671535
2055	0.0004747848639147489
402	0.0004702866996763113
2056	0.0009765753467485018
1426	0.00720381621347799
2057	0.00010819762457592148
2058	0.0006371733786081574
96	0.00019474850955683532
2059	0.0017203100659425536
2060	0.00042944381537027076
776	1.943659900799843e-06
2061	0.0009635945152704731
2062	0.008181057902334496
421	0.0001463998089179901
2063	0.000625691317423646
987	0.0006320245321058092
2064	0.0008352140254647495
2065	0.0003363930208804971
2066	3.4888558328883885e-06
2067	0.0001514196379885181
1015	0.00012074226951375373
2068	4.714472318229449e-05
2069	0.00024988884717184215
2070	0.00010504810189209925
2071	0.00023885449860326232
2072	0.0013713987864847437
2073	0.00039582370484150673
2074	0.0001209679364231983
1266	0.001065516868660146
2075	0.00022940943330794288
2076	0.002112373213429936
2077	4.6370794856958795e-05
2078	0.00010288516831489967
2079	0.0006537859178108528
2080	0.0015390548209089745
2081	1.2301940649550974e-06
2082	0.0014641209799821557
2083	2.8003782760973944e-05
57	0.0022607812473587814
2084	0.0002992811347718008
2085	0.0014275872737563337
2086	0.0005276407954731828
2087	0.0008451986898676041
2088	0.0007409466662858269
2089	0.0007884712365612662
2090	0.0006087690664439252
2091	0.0016994401039840527
2092	0.0004829830028919135
969	4.540410756094425e-06
2093	0.0008868795582540424
2094	0.0018284222697019187
2095	0.00010877561488807211
337	0.00628390283303175
758	9.182820352657521e-05
2096	0.00022361396449118947
2097	0.0007779304053432558
2098	0.0003426578976227457
2099	0.0025848782282644903
2100	0.00033490574615733506
2101	9.577878718117577e-06
2102	0.0007140392111303181
2103	0.0024345806745174115
2104	0.0001700000984657219
2105	0.0007485547897125858
2106	0.00012510391409872602
2107	5.1258850563264185e-05
2108	6.195450497591439e-05
2109	0.0013035485929590094
121	5.8096858928015995e-06
2110	0.0008211991025209798
2111	0.0007965054439825163
2112	0.000608123221987142
2113	0.000669872332359149
120	0.02022524421360539
2114	0.0
2115	0.0006783163904759565
2116	0.00588208848070206
1274	3.449413894398973e-05
2117	0.0007645721838528637
2118	0.0006127650817909052
2119	0.001341207393712532
2120	0.0021813569677130327
1350	9.063653597879818e-06
2121	0.000354155576852394
2122	0.0005577978807988904
1178	0.0006604421728864329
2123	3.6896262790680964e-07
152	9.681044926671583e-05
2124	4.933924813560731e-05
2125	0.0007281567448472441
672	0.00045842122658154664
2126	0.00040649197329279514
844	0.0003202010373737864
2127	0.0006328324235499276
2128	0.000529942026997034
2129	0.0006789777843892866
2130	0.0
2131	0.0010701886016555111
2132	0.0005031394823373436
2133	0.006647385320314627
2134	0.0015925699041195807
2135	0.001238932617000102
852	3.503677534736204e-05
2136	0.00016235945422138267
2137	1.0800868349414455e-05
2138	0.0008140669587250292
1331	6.0437688134908385e-06
2139	0.00013031120920206594
2140	0.0003757320240243341
542	2.3955839512208757e-05
2141	0.0003232529369108319
2142	6.737634097239069e-05
930	0.0016710846674122504
904	0.00022197848710585932
2143	0.008158382124141859
2144	0.0012944817822565225
658	0.00011645856369044911
2145	0.002135310133627328
2146	0.0034171891875014325
2147	1.1538962568193838e-05
2148	0.0004000759036967727
2149	0.0008316338506159626
2150	0.0007906948817183754
2151	0.000694430310949283
1433	5.13747193609502e-05
2152	0.000569338130448293
2153	0.0027182547357767514
2154	7.788836523291966e-05
1437	0.00014063054655928873
2155	0.0009813293234282032
2156	0.0
1039	0.00047957559734073654
2157	0.0026470841048550813
2158	0.0018785329526143017
123	6.831210385376911e-05
2159	0.00020073925745700042
2160	0.0004274396678491432
2161	0.00043223752872679046
22	0.0001952840165806346
2162	0.004431358536357249
2163	0.00013139257557905895
2164	0.00017280041177569758
2165	0.000969734872009693
2166	0.0015064787094911756
2167	0.00032393723851356176
2168	2.39442110233005e-05
2169	0.0002022214516254101
2170	9.896128936988304e-07
2171	0.00029367921091550173
2172	4.79269083058034e-05
2173	4.2768557034861794e-05
1079	2.6809016012512107e-05
2174	0.00014735375043820997
2175	0.0006521243866290197
2176	0.0001031602325206824
2177	0.00018590382790339283
2178	0.013449226648630606
2179	0.000774362001117924
2180	0.0005148431307839319
2181	0.0005183012575586202
2182	3.017241696583892e-05
2183	0.00015509950699616525
2184	4.148911228112944e-05
281	6.0041037352140075e-05
1780	4.55211544652678e-05
2185	0.0013901812380823603
2186	0.00012682085288496722
2187	0.0007877415735235672
785	0.001133638500570315
2188	0.00012016190894800713
2189	0.0004960033713288759
2190	0.00034085729527064736
2191	0.0036492898331742197
2192	0.0002723639907226091
1124	0.001408014787923342
2193	0.00021217177429344656
40	0.0011548594532715887
2194	0.001010198330740438
2195	0.0001677436706317102
2196	0.00018783557277588336
2197	0.0009765096995377856
2198	0.0005713271440609751
2199	0.0002710534095645508
2200	0.0001917021763007624
2201	0.00034107033212180994
2202	1.9148046543598135e-05
2203	0.0012691243979650545
2204	0.0002364328027875494
2205	8.17231533871381e-05
2206	2.080518319338052e-05
2207	0.00012522635375426154
2208	0.00025135622304201026
1154	6.133336817930273e-07
2209	0.001514637111325346
2210	0.0004037260580112083
2211	0.000453401618404026
2212	0.0005118261520315805
2213	0.014218894086252584
2214	0.0019553245628046835
2215	0.0010523461274224166
2216	0.00012566893630465558
124	0.0076957330713346974
2217	0.0006810524215686773
2218	0.0005949528210463935
1549	0.0004818718218675084
2219	0.0036280651447943048
2220	0.0002925043585364098
652	0.00040540537060129505
805	0.0002877889964659432
2221	0.01152311983015139
2222	0.00039401582720925476
2223	8.84340752742032e-05
210	0.0003695514515786407
2224	0.0005745407472223193
2225	0.00042227354687804163
2226	0.00024998629601036715
2227	0.004493404394699632
2228	0.0007246397635541016
2229	0.00017651294964297006
2230	0.00015557924107561112
2231	0.007409560634542732
2232	0.00015835689345205546
2233	0.001325860429879317
1679	0.002396702135540298
665	0.0005190502526946322
2234	0.00017507991171059533
2235	0.00028773085385662656
41	0.00018867490461963945
2236	0.0002964407534949585
2237	0.0005765404233404214
2238	3.6896262790680964e-07
2239	0.0006346588543217411
2240	0.000260477868509839
2241	0.004685951608932943
2242	3.0441556708236048e-05
2243	0.0009108161692711332
2244	0.0005574697914989202
2245	0.0005521514580088617
2246	0.0009862041725004732
2247	0.0008567295938782033
2248	0.0009392162536079626
2249	0.0023883362892235895
2250	0.0002874303325760138
2251	0.00034084691827211396
2252	0.0007688868610322646
435	0.007596803375439128
2253	0.0008469530349295557
2254	0.00019658270043486538
2255	8.662192342347772e-05
2256	0.000740277510584446
2257	0.0005603846673962063
2258	0.0006438968894312797
2259	0.0009152955329736172
2260	9.172410453188376e-05
2261	3.4091119293655916e-05
2262	5.398418291579689e-05
2263	0.0009600161266493017
2264	0.0026050602441234014
763	0.0006261070427834651
964	1.1497983037013923e-06
2265	8.714778954436442e-06
2266	0.0008073052954637208
2267	0.0009202635636471798
2268	0.0013183666637120652
308	0.002818213353382034
2269	0.00017149565432086878
2270	0.00015335869925018768
2271	0.0005269962063303761
2272	0.0008066178534930321
2273	0.0003651334481912896
1800	0.00011335603696841046
2274	0.0011205555629292129
2275	0.0006786485055077741
2276	0.0007060786452078343
2277	0.00013274233824109983
2278	0.0006789103814716014
2279	0.0021812582700399094
2280	0.0004933923378950081
2281	0.0018129807911161087
2282	3.5134224084980355e-05
846	5.04868644659361e-05
2283	0.0007605876532517861
2284	0.000699491890448326
2285	0.0001017227426027403
2286	0.00113149000946351
2287	7.609248400652421e-05
2288	0.0009585365396681103
2289	0.000564155838610006
2290	0.009872511885556493
2291	0.00011265015537590549
2292	4.3774810540412205e-05
2293	0.0002860585042692744
2294	0.000375584114069651
2295	0.0007138132646674418
2296	0.002437024526840651
2297	0.00134568998321809
2298	0.0007789421820416563
364	2.4903588109410483e-06
2299	4.353530353842398e-05
2300	0.0005132910864625788
2301	0.0005549082535716238
2302	0.0007898748915795886
2303	3.883140987508316e-05
43	0.00047947630619383364
2304	0.0004472071148893173
222	0.00044984622046377777
790	0.0007255040438172581
2305	0.0024543312845046105
2306	0.00043840176056212765
2307	0.00015033233630614584
2308	0.0
2309	2.242404842325873e-06
2310	0.0007895749759723232
605	0.00038897222322441764
2311	0.0002724560347851168
20	0.0007674757881306647
2312	0.0010996438499247373
328	4.51801262500198e-06
2313	0.0015446164602554845
2314	0.0004072641834819357
2315	0.0004450822118793726
2316	0.002060492599645113
2317	0.0001791532737918486
47	0.004003103965520446
2318	0.00010136762226614037
2319	0.0005851243947348136
2320	0.0031096118718448836
2321	0.0009078101556973732
2322	0.0008785818408175639
2323	0.000627739436380421
2324	0.0003257193354284663
2325	0.0002435433616272454
1464	1.3684563676731669e-06
2326	0.00038003024269003116
2327	5.413734013267767e-07
2328	2.5488677759428327e-05
933	0.0003389251965505086
49	2.0860215958637763e-05
2329	0.0002300035167896064
2330	0.0011826317568937063
2331	0.0002952440046990838
2332	0.0002737941907346812
2333	0.0011730350638654316
471	4.670961219650104e-06
2334	0.00023692999511707683
2335	0.0015637045073090042
2336	1.7026872667408013e-07
178	0.0021560497707656967
2337	0.00031609334804543913
2338	0.0024339240753019843
2339	0.0015195591851378204
2340	4.8796021658182475e-05
2341	0.0007924261953890597
2342	0.0007564946149356778
2343	0.0004037070610411831
2344	0.0036394242324822115
2345	0.0011341131955372832
2346	0.0004354694304058566
1008	0.0005496917171100647
2347	0.0005425493285029744
1700	0.00040541555665228325
2348	0.0009966332883515757
2349	0.0010259203742842954
2350	7.087242360848761e-05
610	0.00045507723231769635
2351	0.000957466437372532
2352	0.0005644562574736616
2353	0.0
2354	0.005785321008154631
2355	0.00023540182756708327
2356	0.0012771139596492677
2357	4.722790150853349e-06
1174	0.0005832647783774664
2358	0.001091924390694034
2359	0.0002272237765445809
2360	1.3000399031480252e-06
2361	0.00026270399723351054
2362	0.00277140938464028
2363	0.00022010332307587321
2364	0.00162102307399483
1013	8.513268882114796e-05
2365	1.6746448467888634e-05
2366	0.0002667221399836517
2367	0.0017606445350748818
1507	0.00026749887618414284
2368	0.001343244632101135
2369	0.00038762821543499466
2370	0.0016858397926295724
2371	0.0008089854743821985
2372	0.0015674470021305872
2373	0.0004223676462890205
2374	0.0005856871210677367
2375	0.0007112190635444192
512	1.5664075445847945e-05
2376	5.7623063849298455e-05
2377	0.0020334134971416637
2378	0.0030429641935970824
2379	0.0008109782659842983
899	0.0
2380	0.002959303811684968
705	6.74592786118414e-05
2381	0.0004940443334532111
2382	8.467951927179414e-05
2383	0.0002412498527167099
2384	0.00010595982763360598
2385	0.0
558	0.0005725022099352529
2386	0.0002388200051420179
2387	0.0021736484658482513
2388	0.000958656908449693
2389	0.0001329963562063677
2390	0.0
2391	0.0
2392	0.0007670361265077033
2393	0.0015949037063047655
397	9.123765313550482e-05
2394	0.0010777385119045727
2395	0.0003951177573310013
2396	0.0006630732445646576
2397	3.966183895046412e-06
2398	2.471487000459548e-06
2399	0.00016420206410908743
2400	0.0004174151201459875
584	8.307770541698817e-05
2401	0.0032684357010152034
2402	1.7026872667408013e-07
2403	0.00016813221038705935
878	5.7522980936583313e-05
2404	0.0010189832244743668
1030	0.0004299678900145696
1749	0.0005323821465394815
2405	9.259334336707722e-05
2406	0.0005470553941075178
2407	1.8225166261253807e-05
2408	0.0012280384027821276
2409	0.00011176787751723522
2410	0.0023474463702680137
1743	0.0
2411	0.0011348207155055985
838	0.0005789431580348068
2412	0.0
248	4.8209636003534694e-05
2413	0.0011294311658041445
1261	0.0010927829890766878
2414	0.0025598384235061993
2415	0.0009935272276323263
2416	0.0006094619727359173
2417	0.0013302237116745027
2418	0.0023493461602733198
2419	0.0008975157660179695
2420	0.0003437058867744252
2421	0.001460297627780687
2422	5.591275234872831e-05
2423	0.000658958764482558
2424	0.0004822940292558287
1806	2.0061554560254366e-05
2425	0.0005876834600883488
2426	0.0012685982718178455
993	3.0416744082123524e-05
2427	0.0007780667858994116
2428	0.0012703871986531514
2429	0.001152395171626109
2430	0.0005132944322454339
2431	0.0008008722198271881
2432	0.001480820523397969
2433	0.0003515085122907856
407	0.00019457415617408426
2434	0.00026170971896647403
2435	0.0005487515321259921
2436	0.0019440494445001912
2437	3.108678527086976e-05
2438	0.001616390202473616
2439	0.000854677269661381
227	2.3732450759084995e-05
2440	0.00017573350275216864
2441	0.0007780724094291249
2442	0.0015120797180832668
2443	0.0016564753071848565
2444	0.00042522324437927904
2445	0.0016605853781426847
2446	0.003784494980325559
2447	0.0006426484306373682
1452	1.635492329266043e-05
2448	2.824484032022462e-06
2449	0.004342483241218669
2450	0.00015524472803888156
2451	0.0005461455647675376
285	5.433723307670617e-06
2452	0.0005399891498367725
2453	0.0006052109879848644
2454	0.005437174836668556
2455	0.00177620028240245
184	3.54915474519484e-05
2456	0.003938400164654478
2457	0.00040569814310056093
1085	0.00013311354310746335
2458	0.00015460671876213675
2459	0.0007632304076824189
2460	0.00012939153226705343
2461	0.008139505120709274
2462	0.0006434502964221989
2463	0.00023305946399891612
2464	0.0020988331865260377
2465	0.00014046029889776992
2466	0.00033880601857818644
2467	0.0
2468	0.00016416550252755063
2469	6.147012726961063e-06
454	0.00010775528068717178
2470	0.00030270733453160114
2471	0.0005446307497973753
191	0.0011882059325020826
2472	0.00019624765714667283
2473	0.00012664723556668388
2474	3.596908834197626e-05
2475	2.0307877606296588e-05
2476	0.003390932925554582
2477	0.0013809549873412107
2478	4.9590733871652586e-05
2479	0.0012020736381136389
2480	7.058366054760932e-05
2481	0.0011069704271778346
2482	0.0003234436230429331
601	0.00016049611209190107
2483	0.0008208767328409866
2484	0.0006484741739184374
2485	0.0003941425621459744
2486	0.0005295767190437389
2487	0.0002200880556781588
2488	0.00011440177547601904
2489	9.775639532924473e-05
2490	0.0014354563050446914
2491	0.0004930848914359865
2492	0.0
2493	0.0007081885968606309
2494	0.0014297043134695268
2495	0.0008211718359101245
2496	1.4214300169531167e-06
2497	0.002679153675957567
2498	0.0005814775567284066
1287	2.1460690774072943e-05
2499	0.00013315549824888723
2500	0.0035286100498959022
2501	0.0002642525291451168
266	0.005966040490898421
2502	3.03923592722912e-06
2503	0.001171064486487798
783	1.6136361322149574e-05
2504	0.00010919378771334237
2505	0.00013065100616248648
2506	1.2602770221770738e-06
2507	0.0007045793068572088
2508	0.0009091359190564269
2509	0.0010862099291792798
2510	0.0007170102839163411
2511	0.0002558358178828092
2512	0.0012012717447799084
2513	0.00011692152688412032
2514	6.033650977118531e-05
2515	0.002064643812367784
2516	0.002493273368511328
2517	0.0010768515832687193
2518	0.00045358199217992995
2519	0.0011850141980643515
2520	0.0003205382506814986
331	7.050994070809323e-06
2521	0.0010285256664040404
1662	8.228647242261607e-06
670	0.00017998319881579156
2522	0.0005691387512192497
2523	0.0004814154071244674
2524	0.001232139535456828
2525	0.0005218018941171912
2526	0.0005760747394293587
2527	0.0002375345255668005
2528	0.00022397083372552908
2529	1.5553497017912975e-07
2530	0.00031998992816810673
2531	0.00027486790981666063
2532	9.68521566473303e-05
2533	0.0011763495278417414
2534	1.3606739411090451e-05
371	0.006154715490372691
2535	0.0008441349027994517
2536	0.001338303747646186
2537	0.0023716540162981095
2538	1.7026872667408013e-07
2539	0.0009013587881590882
2540	0.0018736668165043233
2541	0.001532369635726626
2542	0.002885666602141366
2543	0.00039768912096328887
1293	0.0007461538723673515
1286	0.0005871369720830209
2544	0.00012493917154238708
2545	0.0005292833175233773
254	0.006772070536939994
2546	0.0010913401562408582
321	6.365560704903699e-05
2547	0.0012458845831341773
2548	0.002600415777457128
521	0.00017710796074960102
2549	4.6434442201373525e-06
2550	1.4465611248144407e-06
223	6.658529490747747e-05
2551	0.00120833352177744
440	0.0003688850545259434
2552	0.0003437521923242361
2553	5.086755389873133e-05
2554	0.0006300540254082785
2555	0.00031154977580344
2556	0.0
2557	0.0
2558	0.001202251431334776
2559	0.00038746903529344225
2560	1.6397867609793748e-05
2561	0.00047279318710136473
2562	0.0003952832734019708
2563	0.0009710272778086413
2564	0.00024468632142480125
2565	0.000622111255106989
2566	0.00032226856110817746
2567	6.270122706970062e-05
1080	7.919819244922051e-05
2568	1.0164066065703943e-06
2569	0.00014503845025209313
2570	0.0001486689124945849
2571	0.0006979574349126206
2572	0.00043120639811481147
2573	0.0005057318201633873
2574	0.00032718168469569116
2575	0.0003787945095605786
2576	0.0001972278191336304
2577	0.0005459872253525078
2578	0.0008487399257784046
2579	0.00019507443360106957
2580	0.0005097208342976659
2581	0.00046093649674916346
2582	0.000773880272157409
2583	0.0
2584	0.002342186419725453
2585	0.0001897675663150657
2586	4.976494417027246e-05
2587	0.0006347535522000268
2588	0.00017285098098854547
2589	1.380295258058246e-05
2590	0.013544323172991299
241	1.2347350285765506e-06
2591	0.0016366020726981546
2592	0.000508596200705244
2593	0.001148043040798496
2594	0.0004013942963443628
2595	0.0031481445899371133
2596	0.0009533351561120028
2597	0.00050703017053972
2598	0.00015337224357210157
2599	0.00022842918072941558
2600	0.0004987751494771545
2601	0.0005980930927860197
2602	0.00027058755896169597
2603	0.0006430473530236766
2604	0.0013046463183900734
2605	0.0002031591791036741
2606	0.00030770511044752067
2607	0.0008456581358983834
163	0.0003733590592114605
2608	0.0002888444032256554
2609	0.0018498374494223934
2610	0.001130654804595559
1811	0.00010267867822741314
2611	0.0006953792777600937
2612	0.0007016372716908064
2613	0.0007342283395313757
2614	2.938535473793734e-06
2615	0.0008567373076703309
110	0.00493624670763487
2616	0.0012027237944526772
2617	0.00025376493395378824
2618	0.0014353488118919494
2619	0.0006021416283424051
2620	0.0007871522010641846
2621	0.0003412933609010733
2622	0.00028391839000049254
2623	8.315026966124147e-06
2624	0.00014194469843641368
888	3.041038120084667e-05
2625	0.0010164906464783948
424	0.00027646433496797304
2626	0.0006490844891887765
2627	0.0006738551704160125
2628	0.0004940868138644776
2629	0.00012948285801031486
578	0.0003756073143756918
2630	0.0002725820592709703
2631	0.0010854190208120743
2632	5.1763099840871606e-05
2633	0.0005460747468210323
2634	0.0008646461425288977
1697	6.582658634089416e-05
2635	4.0448954108518926e-05
530	0.00010721161643140329
2636	0.0009392854733857708
302	0.0005242693504370883
2637	0.000135841175849738
2638	0.00014445338758312494
693	7.434521954808552e-05
2639	7.911937039385536e-05
2640	0.0004407882167592973
2641	0.0009573586375882051
1415	0.00020063779814605205
2642	7.059562517381307e-05
2643	0.0004101878414098494
1219	0.0010534135479658077
2644	0.0002802008796297078
2645	0.003963450806604194
2646	0.0005025972937096878
2647	1.4583139626748476e-05
2648	0.0001080686267246353
2649	0.0008165249034047896
2650	0.0016616398856113886
2651	0.00023182649094227343
2652	0.0006149906129493861
2653	0.0007816740805102259
755	1.7603881299030976e-05
2654	0.0006413944902693223
2655	0.00014129428316744764
2656	0.00041351064354042924
2657	0.007943334373643016
2658	0.0008822839909364024
2659	0.00030747227650101294
2660	0.0010882922521784097
2661	0.00033921744337208146
2662	0.00201052639993551
962	2.3782941659566132e-05
2663	0.00022812211957999907
2664	0.0016830818032310616
2665	0.011988709792696601
2666	0.0006305336948685298
2667	0.00020653968705695004
2668	0.00011303353322407816
2669	0.0008074007843986871
2670	0.00018853793486953564
2671	0.0013340549075144734
2672	0.0006867999349688426
2673	0.0008440691551835514
2674	0.0005303249439396294
2675	0.000739239885102555
2676	0.0014229759904094308
2677	0.0004531911016678568
2678	0.00023488472742069351
822	2.113757661660958e-05
2679	0.0012107253123785466
2680	0.00030003148679338607
2681	4.679638736564719e-05
395	0.006301952128702429
139	1.0403579687079709e-05
2682	0.001008352172539872
2683	0.000763588398169666
2684	0.0
2685	9.818181936407419e-06
2686	0.010013115227250187
2687	0.0018811721060324185
797	0.0012126504646623032
2688	0.00017241266094291443
343	0.0010940494026099568
2689	2.81069767621169e-05
2690	0.0016132813380164306
2691	0.00029000833075732617
2692	0.002501561002564349
1439	0.00028708709069421017
2693	7.023296157477921e-05
2694	2.5695071078326327e-05
2695	0.0005648252201015683
2696	0.000294394792151227
2697	0.001141875080009912
2698	0.00027054674737842156
2699	1.156202724267258e-05
2700	0.0004621814129024642
2701	0.0004136324936320889
2702	0.0006139022902177013
2703	0.00022163229614282566
212	0.00025405555777155685
362	0.00012740733571768494
2704	0.0004928998775633555
759	5.678624045555997e-05
2705	0.00018531250764426682
2706	1.4436995156773497e-05
2707	0.0019066360506861677
2708	4.671049100838566e-05
31	0.005808519041553884
2709	6.705402272887535e-05
1183	3.692679419199008e-05
2710	0.0011028311252896093
2711	8.448216608053082e-05
2712	0.0007622437193028344
2713	0.00020159758627005946
2714	0.0004588235337437607
480	0.000906421218435475
2715	0.00032885647000514297
2716	0.0017063343442685498
2717	0.0009782755641056875
2718	0.00047941682761132396
2719	0.0011193744778062414
1198	0.005705616455761867
2720	0.000405905530985079
2721	8.219023721560486e-05
811	8.174429128375381e-05
2722	0.0014831916217137443
2723	0.0006552317999828446
2724	0.0008614683725953521
2725	0.0005575354592314755
2726	0.0012768327544916613
2727	0.001986490651968377
2728	4.269024964275479e-05
2729	0.001173688531616299
2730	0.002220544768983905
2731	0.0017129614000015562
2732	0.0013830551848394508
1579	1.1512860078222327e-06
2733	0.002962815504042032
2734	2.3618280089698683e-06
2735	4.92121094947451e-06
2736	0.0014890000745794976
2737	0.0012747381483005742
1127	0.00013300071679529357
2738	0.0014842948461007538
2739	0.0006309507491207521
2740	0.00026643134815567874
2741	0.0010861453465920014
1125	4.4983606793280186e-05
651	4.3522900150317126e-05
2742	0.0001109533557954762
2743	0.0005949802360356147
1518	0.0029259188192710295
2744	0.000437202696658903
1284	0.0005669500935107754
2745	0.0
942	8.761228211370891e-05
2746	5.992279053385692e-05
1175	4.0401948363562324e-05
2747	9.435535546297026e-05
2748	0.00011996135803318296
2749	1.7026872667408013e-07
2750	0.000537149021187792
1510	7.119756830024159e-06
2751	0.0014782529045833557
2752	0.001677851314161839
214	0.0011975181807138175
2753	0.0008072713266051982
277	0.0005928246082293485
2754	0.0003042222552157951
2755	0.00142600570167224
2756	0.00021689559924780935
2757	0.00047740601447912953
2758	8.653636903719093e-05
2759	0.0
2760	0.0005644562574736616
2761	5.373890867433192e-05
2762	2.746650443539291e-05
2763	0.0019203971284645794
1171	4.7699682487298553e-05
2764	4.504163733079412e-05
2765	0.000525783492468742
1031	5.564497170547908e-05
2766	0.0005600935378022319
2767	0.00010258555122666903
2768	0.0008297025963329446
2769	0.001170671198264706
2770	1.7815393040839907e-05
74	9.84017102798375e-05
2771	0.004062823445379217
2772	0.0
2773	0.0002291966133031256
2774	0.0007736621884049334
2775	0.0005946897291502458
2776	0.0001880603983967247
2777	0.0002061837308108894
2778	0.0003692712783699993
2779	2.7494071963801334e-05
2780	0.00023885371372995082
315	0.0012773487009103658
2781	9.293646684505642e-05
2782	0.0006165620282879913
2783	3.346057926564478e-05
2784	0.0013242804333923942
2785	0.0
2786	3.6896262790680964e-07
2787	8.892768390366228e-05
2788	0.000556984756436657
2789	0.0011159836843437198
2790	4.755091430736466e-05
2791	6.035605962593075e-05
2792	0.002149493738577251
2793	0.0012410876183812985
2794	0.0024713451050286214
2795	0.00046141631107398523
2796	0.0
2797	0.002432349523279371
2798	4.76628073273994e-05
2799	2.949285704932135e-05
2800	0.0005180591076512039
2801	0.00016093348244397497
554	0.0007705669686868083
2802	0.00014759385860214092
2803	0.00217791958757554
2804	0.0018043177648151571
2805	0.00034194738165991043
2806	0.0006220229347817563
2807	0.001122141879047271
2808	3.5460373072314804e-05
2809	0.0001810365022168824
2810	0.0001744399859016828
2811	0.00018540162518317953
2812	0.0018038310016331139
2813	0.0006570638859678397
547	4.363142371340089e-06
2814	6.490470169724928e-05
2815	6.743237863337971e-05
2816	2.050186733392767e-05
571	5.6117751914231065e-05
2817	0.0003198269926874666
175	0.000821616430675063
2818	0.0016389983389707154
1542	5.412952988110842e-05
2819	0.00018373791343510637
2820	0.00015765721910511904
2821	0.0016071958628789762
490	0.004062375953693248
2822	0.0
2823	0.0017948343858759776
2824	0.0008166022138607019
2825	0.0014985363412558703
2826	0.0015749377245696298
2827	4.9966856503693154e-05
2828	0.0037675921546406477
2829	0.000673551954507706
616	0.0003811458674439088
2830	0.000682606430877607
2831	0.0004030694185332162
2832	0.00022241680736853324
2833	0.00045056226372830585
2834	0.0012995489120009001
2835	4.763823289103886e-05
2836	0.0006383064887160704
1775	0.0005993933709975947
2837	0.0004145806042634102
2838	0.00018117400641036257
2839	9.641007447174258e-05
2840	0.00040400661428616517
2841	0.0025251279009270732
2842	0.0005197288741089814
2843	0.0001602846978076996
2844	0.0007463805746831314
2845	9.641851810590087e-06
862	0.00026975843034813667
2846	0.000994294088821025
2847	4.3342913399036883e-07
2848	0.0010343461339025683
2849	3.3837104722573815e-05
2850	0.0008426483890112149
1004	4.117557429861874e-06
1089	3.87823767476171e-05
2851	2.180891018326959e-05
2852	0.000951123333283235
2853	0.00028509034623785577
2854	0.0003677741982848752
2855	9.724782411088526e-05
2856	0.001330209281812133
2857	0.0009101607621642896
2858	0.00023974151110948389
2859	0.0008431207753132348
2860	0.000900357492162699
1062	0.00012783947179898644
2861	7.991423486014643e-06
2862	0.0002718737698938637
2863	0.000678566337844118
2864	0.0019181733824932465
102	0.0045647485337997435
2865	0.000531052734981304
2866	0.000836593340652511
2867	0.00041367759401912885
2868	0.00017490681949729965
2869	0.0008797532048519014
2870	0.0018633835553744514
2871	0.0009248491237291304
2872	0.0010076449144414174
479	2.3029986362073496e-05
2873	0.0021023523707807495
2874	0.00032465627196918116
1366	1.9773640188230053e-05
2875	0.0005796400379069226
2876	0.0002942071010985296
2877	0.0013037843185439413
2878	0.0023503486074298065
2879	0.0001284091747761161
2880	0.0003344374275325248
2881	4.328226202393318e-05
2882	0.0015250208163154974
2883	0.0005023383053927616
2884	0.0002631802160900013
2885	0.00751215853986518
2886	0.0006395877375943915
2887	0.0005743404085468618
2888	0.0011954444448408646
2889	1.2399901114375658e-05
2890	0.0003976779608522202
2891	0.0006630686781700774
2892	0.00034107668839162327
2893	0.00037760397001453095
2894	0.00015484379606146614
992	0.0033837279696928607
2895	0.0007004045009176749
2896	0.000324547343791673
2897	0.0016639448377496076
2898	0.0005320945691168302
2899	2.631775107440822e-05
1538	2.7267924399620867e-07
2900	0.0022703307185019403
2901	0.00039681058640398314
2902	0.0022207133512198384
2903	0.0013267218070191766
2904	0.0006145375841223476
1781	9.15408584427155e-06
1050	4.717489567544916e-05
2905	0.00030115677059880803
2906	7.65296402967684e-05
723	2.2834603239957808e-05
2907	0.00013537211115876953
2908	0.0007630289344061726
2909	0.001002868987144457
2910	0.002258970283751035
2911	3.8958269243866814e-05
1022	7.742351467643446e-06
2912	0.0022792903834582545
2913	0.0011082307606409927
2914	0.0021792025788324692
2915	0.0008670346274669609
2916	0.0006237509165943046
2917	0.000293015137041434
2918	0.00022255985770643254
2919	0.0009602537043812278
2920	0.00011584226258173692
2921	2.8003782760973944e-05
2922	9.060533132998659e-05
2923	0.00028333322756945214
2924	0.0005261712939543731
2925	3.211796951086964e-06
2926	0.0009621334485142018
2927	7.632245892955936e-05
2928	0.0009015143044860027
2929	0.00044816515810064313
2930	6.67360434153359e-05
2931	0.00041699842264965857
2932	0.00030919911635380487
2933	3.6896262790680964e-07
2934	0.0015253524326245484
2935	0.000917058144379409
2936	0.0007780382748666697
2937	1.8530318979971353e-05
939	0.00019902130970937847
2938	0.0007016679706107189
2939	0.0027155248356772184
495	2.387220602759529e-06
2940	9.766204289910404e-05
2941	5.822317714693031e-06
2942	2.643003839278171e-05
2943	3.39144148983263e-05
2944	0.003802077074087875
2945	9.17924141674871e-05
2946	0.0012010848164052076
589	7.051823583345773e-05
2947	0.00210552853265392
2948	0.0013947255751518759
2949	8.509658970104681e-05
2950	0.00040686191295914395
417	0.00019031932452041146
2951	0.0003766587958794666
2952	1.7026872667408013e-07
1485	5.833474105168574e-05
2953	0.0025018527408799526
2954	8.585443249470027e-07
2955	0.0021393224633162937
956	0.00014612299881519263
17	0.0008176548336745387
2956	0.00022549796232215297
2957	0.0009313866584100468
2958	8.836407778293885e-05
2959	0.0009390981729587441
1312	0.0006142434964881777
2960	0.00028446658886573665
2961	0.0002799989950469895
1123	0.0003222500408105767
2962	0.0009352617778119345
226	0.00018917667261982683
2963	0.0
2964	0.000455441582798374
2965	0.0003186160318363405
127	0.0004731880878697873
2966	0.0004854200608606776
2967	0.0016479186602633264
2968	0.00070933701904197
2969	0.00010776601099843701
1081	0.00042558300700737157
2970	0.00034187658914684336
2971	0.00029093542922686464
2972	0.00013496195723897955
2973	0.0010401574545582989
34	0.0004021079576158203
2974	8.347164433869063e-06
2975	0.0010298741643640038
2976	0.0006574009887814916
2977	0.0011295218332437772
2978	0.0002106019749230943
98	0.0018095057681942906
2979	0.00013584572186524867
2980	0.0002527678879558312
2981	0.00016848092138265386
2982	4.0222262121063484e-05
2983	0.0005428995184287679
2984	0.0004474202986762241
609	5.8811628538445334e-05
2985	0.0001890094455128141
2986	0.0007971620786795273
312	6.9567516659355025e-06
2987	0.0004350477342496373
2988	0.0005739233616800573
2989	0.0007819416913414938
2990	0.0008761839125841803
2991	0.003917437562234369
138	7.872563498904765e-07
2992	0.0008424431631615769
2993	0.0019807048504114385
2994	0.0005274684694853796
2995	0.0007941778708005445
2996	0.0004941857724971636
2997	0.00022390295739105426
342	0.00031668694691458623
1038	4.377582715564903e-05
2998	0.00160566429161946
2999	8.528990488348714e-05
3000	0.002022305700599314
3001	0.0004386618335652355
3002	0.0003209584103757014
3003	0.002013346500801389
3004	0.0009336577450907975
3005	0.0010716451799133086
3006	0.0005068066768419369
3007	0.0001958628115240364
980	7.871704851537313e-05
3008	0.001725475135526897
3009	0.00049377508979943
3010	9.210491683295209e-05
3011	0.001171162471494631
3012	0.0010551528655882668
3013	3.6896262790680964e-07
3014	3.6896262790680964e-07
3015	0.0006629494071455734
3016	0.00010713637948656844
3017	0.0004637209005923926
3018	3.872508369585132e-06
3019	0.00013035906786556747
3020	0.0007303339024637104
3021	0.0001363048629734979
3022	9.55465565501581e-05
3023	0.0003043092974567847
3024	0.0
3025	0.000892637859488388
3026	0.00037692897745761746
534	1.0201337305449969e-07
3027	0.0006125931047369298
3028	3.693576342195568e-06
3029	0.0005957805541513247
3030	0.0012524864244615418
3031	0.00045851747575430924
3032	0.0
3033	0.0012482279705233051
606	9.900547658726316e-05
3034	6.106961337486272e-05
3035	0.000780667150808741
3036	0.0008333134329806013
3037	0.006645565804948284
3038	0.0003770358429403944
3039	0.010662321174585852
3040	0.0003257842150703702
3041	0.00021127486475934503
3042	0.0003080090841638973
3043	0.00026919057931267085
3044	0.00022515016149895407
3045	0.00010767725211936429
3046	0.0002034027404400013
3047	0.0032633534241136614
3048	0.0027615215214523534
3049	8.215339090613255e-05
3050	0.002721044279063492
1636	4.950895459371449e-05
3051	0.0004526730260907935
3052	3.6896262790680964e-07
3053	8.426950529692217e-05
3054	0.003255890998895026
3055	0.0
3056	0.0012912170609317274
3057	5.080954106271094e-05
3058	0.0003002260665081118
1028	2.464622915860229e-05
3059	0.00018202756601523568
3060	0.00028319027440650306
3061	0.0014799738888322297
3062	0.0006563747836393213
3063	0.0032163758330602614
1385	0.0003243527406549693
3064	0.0008716772571532246
3065	0.00041622087787850245
3066	0.001156523448816912
1684	0.0
3067	0.0005700761797503948
3068	0.0004934574471327287
3069	0.0015638911193747538
792	2.5059817505963435e-05
3070	0.0017940049241848503
1608	7.770233072663912e-05
3071	0.0010198302116094914
3072	0.001276662547660822
455	0.0003535633053059873
3073	2.899741992017926e-06
3074	0.0004715326513779121
3075	0.0011232508794582782
3076	0.0018797642010533943
3077	6.0674315592745224e-05
3078	0.0002294646613267254
572	6.383032041031958e-05
3079	0.0005841695398964656
3080	0.0005841540231099246
3081	0.0005903779671419745
3082	0.0008225941650138985
3083	0.00014426489607648565
3084	0.000287632193997394
3085	0.00010088279238204778
3086	0.0011771634033835036
3087	0.00016972601876776299
3088	0.0010630975550764356
3089	0.0
3090	0.0005644562574736616
3091	0.0008799990649639603
3092	0.0014714226173663167
3093	0.0016045797817046212
3094	0.0010656011808562564
3095	0.0004555779653672964
3096	0.0020031224582613984
3097	0.0007257075701381382
3098	0.006252192391008225
3099	0.0011411964311473476
3100	0.0005728690278533501
3101	3.542265655520465e-05
3102	0.0004655306917432649
3103	0.0005644562574736615
3104	0.0001142188506019215
3105	0.0004105770275448469
3106	0.0025189905432568944
3107	7.90342063152627e-05
3108	8.094078854696184e-06
3109	0.0010057071787261576
3110	0.0009970370150525916
3111	0.0002618226531537456
3112	0.0013507653941569058
3113	0.0006264590667269347
3114	0.00037323927893656166
3115	0.0010623340804195274
973	2.2142737179210882e-05
3116	0.0018470253753276958
3117	0.0002161902761645238
3118	0.0003967544431526596
3119	0.0011701539207357356
3120	0.000556930909906059
1585	2.061615993225992e-07
3121	0.0025393848744511205
985	0.00025509018145585997
3122	0.00035011738172151615
3123	0.0006881509350243279
3124	0.0015312753977876742
3125	0.001134524896319992
3126	0.0008138699218983054
3127	0.0011121737503080053
3128	0.001036373806622055
3129	0.0003907171014505891
3130	0.0013199647032230654
3131	0.0001477601152313865
3132	0.0010322042439230817
494	6.084670869370009e-06
3133	0.001929659912369459
3134	0.00019739577034588428
3135	0.0010326010608306916
3136	0.00032618197054390315
3137	0.00010442490110302223
3138	0.0014707824530610317
3139	0.0015186751452304225
3140	0.003719865412464413
3141	7.456952823430811e-06
3142	0.0005738899633800916
3143	0.0004139653881844899
3144	0.0005163878242521381
3145	0.00150638876626315
3146	0.0
3147	0.0005644562574736616
3148	0.0014432813583757588
3149	0.00031860339754633167
3150	0.0004488746266137472
827	0.0001507127866753236
3151	0.0014774981544642756
3152	0.005158451388248657
3153	0.0003377783091905377
3154	3.6896262790680964e-07
3155	0.000209089555445215
3156	0.0008258179698167464
1280	4.4735835835447903e-05
3157	6.980467596244556e-07
3158	0.0006148211950616511
3159	3.6896262790680964e-07
3160	1.591453508078682e-05
225	5.4413301671500174e-05
3161	0.00015710077230122557
3162	8.586339411314984e-06
368	0.00013245552422918748
3163	0.0005019725762764469
3164	2.103069863045638e-05
3165	0.000968388824239043
3166	8.2662761355203e-05
3167	0.00048532381159296825
3168	0.0007152597404056254
3169	0.0003235925046911805
3170	0.0005021801309996499
3171	0.0007633887343943037
3172	0.0018499356232006337
1033	1.3009980623502085e-05
3173	3.753061704911667e-05
3174	0.0007011484039550208
3175	0.00014132002446506296
3176	0.0003454406934004386
3177	0.004127038083830243
3178	0.0013975180242020446
1592	0.00030166298020552505
3179	0.0001581826517183841
3180	0.0012566108246609526
3181	0.002254379841720463
3182	0.00046378110644263327
3183	0.00048031267320588334
3184	1.9018656822122258e-05
3185	0.0010416617905987019
3186	0.00017912628824942852
3187	0.002668087273344698
3188	0.00010215381353329167
3189	0.00010657667126917752
3190	0.006757618793209018
3191	0.0004094145453425374
3192	0.000722363473720675
3193	8.339772963967072e-05
3194	0.005182754130027179
3195	0.00017502961170797826
392	0.00023522467314903429
3196	0.0006469478922473747
3197	0.0015512284995245374
3198	0.00022565994858974347
3199	0.00023974967680084354
3200	7.713105157032434e-05
383	1.2225068002276831e-06
3201	0.0010641236159677273
3202	0.000682654830867876
436	0.00020611700515685695
3203	1.8687544065952808e-05
3204	0.0002513765117621757
3205	0.0006637097971203215
1830	0.0
3206	5.3210603712861736e-06
1367	0.00040257802285554434
3207	0.00015998653861950418
3208	0.0002206306206146655
3209	0.0005517803191990914
3210	0.0001908295775049441
1589	2.84883225301336e-06
3211	0.0002322045844096752
916	9.59988558402671e-05
1423	0.000130920555085722
3212	0.0006165257695562989
657	0.00020008740992129864
3213	0.0013792079535706497
3214	0.0011285886731472808
3215	0.001834230195170609
3216	0.0007285157344444421
3217	0.0004300636252653505
3218	0.0002588845761164813
3219	2.4528942591974816e-05
3220	8.652539682696171e-05
3221	0.00014342350367627565
737	0.0
3222	0.00017182669636367812
3223	0.0
3224	0.00024825405492173047
3225	0.0012735764287062762
3226	0.001458080101193009
3227	0.0011174139733201467
3228	0.0013050789824250368
3229	0.00018573854216671285
3230	0.0013931166879437543
3231	0.0
3232	0.0007079907784679861
3233	0.0002598629854298277
3234	0.0003827390579605813
3235	4.551125801264843e-05
3236	0.0003814195085910911
3237	0.002365919291226416
3238	0.00018624687402284405
3239	0.0004367066617268216
772	0.000207856163585001
3240	0.0008563967201522906
3241	0.0005180174839793366
3242	0.0010843144192682515
3243	3.910302769904643e-06
3244	0.002240976526138237
3245	0.000257789869735979
3246	0.0003072133607983118
3247	0.0
3248	0.00037722017892611535
3249	9.678068518316653e-05
3250	0.00017972052640302915
3251	0.00038895838879492514
3252	0.002083125952522705
3253	0.008197494748511837
3254	0.00020677001752841278
3255	3.061921082174071e-05
3256	0.0001369780402488269
3257	0.0008919786643049982
3258	0.0004466003487427691
205	3.2763413324175097e-07
390	1.5394638198047401e-06
3259	0.0007800908652220275
1440	0.0010497465185048314
3260	0.0018189339843860477
3261	0.0
3262	0.0011333194391183515
983	9.617287166442017e-05
3263	0.0005605578576463203
3264	0.006462133117065642
3265	0.0003637606928270638
3266	0.0004713437123665044
3267	0.00025262975971835814
3268	0.0004229840256609551
3269	8.519929783981098e-05
3270	0.0001231154231827026
3271	9.81574907750633e-05
118	0.0003025274812976869
3272	0.0006880878307030827
622	9.776169679327695e-06
3273	0.0004630028978642234
3274	0.0
3275	0.0
3276	0.0004047559743028137
3277	0.00024427908655344147
3278	0.00015461008420239927
3279	0.0007530899164627624
3280	0.00039151004092898294
3281	0.0061983980631476285
3282	0.0006724284296388208
3283	0.00031334605590169055
3284	2.2566306046466785e-06
3285	0.002261399541381317
3286	0.00019198880161658553
3287	0.0007899870737292529
3288	0.002909432965759193
3289	0.0003719781985483279
1144	0.0007910480564328495
3290	8.473229627196063e-05
1678	5.002066238409433e-06
3291	0.000505955218050386
3292	0.0009941488255014494
3293	0.000883064801937064
3294	0.0033721346649749993
3295	3.768954157695062e-05
3296	0.0009696059312066475
3297	0.0005802592821149081
3298	2.036889113964267e-07
3299	0.0009447902681062796
3300	0.0020344121802789296
3301	0.0051957720035430985
1446	1.0366278099846996e-05
3302	0.0016732833701041997
3303	0.0003930770019895138
3304	1.00336311555508e-06
3305	0.00034707980726750775
3306	0.0003996064746913679
1797	0.0006920941902053854
3307	0.0
1471	1.7959324000794834e-05
3308	0.0008359060530789234
3309	3.586948130725442e-05
1345	0.00020166435231727534
3310	0.00031008251194336193
3311	0.0006041137667624931
3312	0.0011382568095190749
3313	9.548555824077012e-05
3314	0.00030201420414555926
3315	9.586536306084059e-05
702	0.00014956426250791385
3316	0.00016202540341109492
3317	0.001128615107975584
3318	0.0012589052805940051
68	1.763754164096105e-06
3319	0.0007667192920628358
3320	0.007366816147679997
3321	3.29928929958589e-05
3322	0.00024589241758574376
3323	0.0005708602363816871
3324	4.315650405641975e-05
3325	0.0001177983874301898
3326	0.0008835658039123627
3327	0.0019758232064608
3328	5.006499335944349e-05
3329	0.0
3330	0.00033309931057600096
3331	1.5966715526551613e-05
3332	0.0
3333	0.00012010105206807657
3334	0.0017928517463097658
1137	6.126039464648142e-05
3335	0.0009497974387547971
3336	0.00024616719727721284
3337	0.0001703272091948395
3338	0.00010784350057803572
3339	0.0017384423082353554
3340	0.0005644562574736614
990	0.0001883583577071071
3341	0.0006253924183703414
3342	0.00147607637436234
3343	0.0009090072569608396
3344	0.0001059368159869513
3345	0.0014948470373075463
272	4.1552378616908236e-05
3346	0.0003029923953153594
3347	0.0010894263726289968
866	4.4056640976240976e-05
3348	0.0007463973004960297
607	2.8599827195101135e-05
3349	0.0008363098701018278
3350	0.0004861394883143431
3351	0.00030372982451753853
3352	0.002094124030720942
104	0.0005645891871706058
3353	0.0016870581249582414
3354	0.0004853244266332679
3355	0.001564839559952832
3356	0.00016954517282459947
3357	0.0016655526646027375
3358	0.005862005488178938
3359	0.0019380968215832618
3360	0.0003302177822375198
3361	0.0006896350095386861
3362	0.0007288328483205692
3363	0.0003737181481019261
3364	0.00012019361117720506
3365	0.000477710076980487
3366	6.363958604559169e-05
683	1.666011666847161e-05
3367	0.0001414456333758841
3368	1.7026872667408013e-07
3369	0.00127457949217101
3370	0.0005794903929677456
1815	0.00013298749732630746
3371	0.0013424910121277308
3372	0.0018563678016492043
3373	9.134374707136761e-05
3374	0.00086659568010163
3375	3.6199307750484917e-05
3376	0.0010582694546575485
3377	0.0007140824827985441
3378	0.000820968801123054
3379	0.0002333125313999266
3380	0.0004842493556172516
3381	0.0005654467910226784
1056	0.00032318077801889237
3382	0.0012866192076429158
3383	0.00022369807241037667
3384	0.0008307299560052937
3385	0.00020686649169034452
3386	0.00011044294057879929
3387	0.0006802544572456031
3388	0.0001888740732207759
3389	0.00044243467609948105
3390	8.473229627196063e-05
3391	0.00024652776212368715
3392	0.0017168269312100384
3393	0.001255495504551417
3394	0.0007114657836888904
3395	7.345269368597199e-05
3396	9.87545102239416e-07
3397	0.0
460	1.8061090547120812e-05
3398	0.0007360925390071996
3399	0.0004072892777169602
3400	0.00041681404276070253
1462	0.00024569228135710937
3401	0.0011203687373788117
3402	0.0009805969619098567
3403	0.0010692392005547116
1537	4.247695463789897e-05
3404	0.0005936510674201411
3405	6.238360669194282e-05
3406	0.00024838126791413266
3407	0.0010606355523799591
3408	0.000862140644589965
3409	0.0017336905722729837
3410	0.0012687071788664262
3411	0.0007691576142509464
3412	0.0005586523487827468
3413	0.0006793457773177976
3414	0.0013075095273394229
3415	1.775943362985521e-05
3416	0.00042679321901642426
3417	0.0008649583336640173
3418	0.003467139285135921
3419	0.00018452306495911347
327	0.00018857520948634287
3420	0.00033720944621555576
3421	0.0005003749464318693
3422	0.001332401751991612
3423	0.00047860342396336477
3424	0.00037890896030644245
3425	0.0001513828781507224
3426	0.0016576143606862252
3427	0.00013796314564680577
3428	0.0013361642064825632
3429	5.617558461986785e-05
3430	0.0006454745443398221
3431	0.0
3432	1.1013210161391497e-05
3433	0.0019540111355633954
3434	7.4773969085482895e-06
3435	0.0006414718396149112
3436	0.0
1264	0.00039623828248355823
3437	0.00041239494317880124
3438	1.7026872667408013e-07
3439	0.0010258977285085545
1322	0.00015793608867815592
3440	0.00038986699989413255
3441	0.0006525639892171367
3442	0.00048774901815486346
1828	0.00014208470497001783
3443	5.889011040209427e-05
3444	0.00013014717319986122
81	7.078817110778743e-06
3445	0.00015576898090098482
3446	5.169772295845035e-08
3447	0.00020949518710800685
3448	0.0004896846606971165
3449	0.0007528983440054032
3450	5.434602585258266e-06
37	6.940774249446914e-05
3451	0.001442861801195439
3452	0.0004358846773980168
3453	0.0017545416638569487
3454	2.791375560133566e-05
3455	0.0007668829529483764
3456	0.0005732587232815028
3457	0.0005613383551750426
1495	2.4534028790217523e-06
3458	0.0008854817235479691
3459	0.00023722789758682343
477	1.0299119155095449e-05
3460	0.000720510955842122
3461	0.0017917824691720192
3462	0.0005777490190300779
3463	0.0013086213229154442
3464	0.00234385937751869
3465	0.00024698909420920194
3466	7.603301844188164e-05
3467	0.00028560995789435106
3468	1.68374552116181e-05
3469	0.00032497019077987497
3470	0.000879843182410285
64	6.855676274688562e-05
3471	0.0018000671609094162
3472	0.0013182258077104408
3473	0.0003179136164491144
3474	0.0004780358156470269
1096	8.482246634862616e-05
3475	0.0028876817667051725
1001	0.000228723076190918
3476	0.0007245295210610465
3477	0.00011637760546037239
3478	0.001035982545257343
3479	0.0012238700693941557
3480	0.000162117102075119
3481	0.00022294005383652658
137	0.0006836050812621176
3482	0.0009354098956368125
3483	0.00036131123149771885
1238	0.00022523973108266938
3484	0.0007023132834898715
3485	3.6896262790680964e-07
3486	0.0001317660984779026
3487	0.0003866960297913861
3488	0.000354961215473565
3489	0.0006369124962247954
3490	0.00014176261455732728
3491	1.0161100630257558e-05
819	0.00014355363652412235
1578	6.605034717498873e-05
3492	0.0009534695237438107
3493	0.0020713444518492825
3494	0.0003859737503024936
3495	6.59216523151212e-05
348	9.955524889589565e-05
3496	0.0017169810155281827
563	0.0
3497	0.0006387059743085384
3498	0.000794713068420715
3499	0.001212642275834742
3500	0.0008391548542631561
1681	0.00024362834276163027
3501	0.0006891718526368978
3502	0.0004350815268925297
3503	0.0001758599106363366
3504	0.00013414790595308955
3505	6.315920514836729e-06
3506	8.084884445023203e-05
3507	0.0004895400724168115
3508	0.0004724060687866576
3509	1.8356937150777236e-05
3510	0.0010120117346344346
3511	0.00017025244843018575
570	0.00040349292928288435
3512	8.553284879842373e-06
3513	0.0009560873964233514
3514	0.0012798917666513316
3515	0.0016504407959803465
3516	0.0006885599618920677
3517	0.00019512927323115008
1032	1.2761350572947532e-05
3518	0.0007945560616788277
3519	9.498895274561534e-05
289	0.0001728532261068769
3520	5.912839961064887e-05
3521	0.0021129845764109984
3522	5.536622142026474e-06
3523	0.0001810388124257932
3524	0.0006417934698144292
3525	0.00012682210919093636
3526	0.0001530414626350523
3527	0.00013162263498636576
3528	0.0011754924198844848
3529	0.0003819665070524047
3530	0.0015122344588390396
3531	0.0002902259158038404
3532	0.00047942097992398114
3533	0.0009333473532388279
3534	0.00029075168001465364
1668	1.2813948548964846e-05
3535	0.0002706259216818999
3536	0.002199076002611265
3537	0.0004311056402245067
185	1.7109476346828103e-05
3538	7.470163019345775e-05
3539	0.004280318822437354
3540	6.078847553487098e-08
3541	0.0006924669585335142
3542	0.002835640893032482
3543	0.00043113901763210593
3544	0.00022990654049991202
3545	0.0003808790698287571
3546	0.0019127007641310445
666	1.4704327315945017e-05
3547	0.00012918712545489266
3548	0.001167578391266377
3549	0.00017542034087506548
3550	1.6871822389201065e-05
3551	0.0009321428404348927
3552	0.0
3553	0.0010206466031135823
1424	1.3445131874945515e-06
3554	0.00015660891210913025
3555	0.00022046478817865225
3556	0.001572609350786361
3557	0.00013120138889745808
3558	4.162264516060525e-08
3559	0.0006705346146369829
3560	0.0006602412773427449
3561	0.0005571111558338661
3562	0.0005130717828750734
3563	0.0006045684112321375
3564	4.4679978526821966e-05
3565	0.00029571054485113684
3566	0.00048695887847593464
678	0.00029217232064356676
3567	1.966420757493371e-06
3568	0.0010008305623428989
3569	0.001404344478041325
3570	0.0007070603065983186
3571	0.0003816180178815249
662	1.3138077802230589e-05
3572	0.0003111504292926913
3573	3.5761101019017294e-05
3574	0.00023331411173310054
3575	0.00011683517753785314
3576	0.00043724168187111626
73	4.446080215573887e-05
3577	0.0008342431778061988
3578	0.001740291639583241
830	2.6271798169865457e-05
3579	0.00014850432759159996
3580	3.4512185331491396e-05
3581	0.00120314833189527
3582	0.0
3583	0.0010996602375267614
3584	0.0004602360764045938
3585	0.00024242420444984668
3586	0.0001885466173109276
3587	0.00022371247930738452
3588	0.0008428605284669236
3589	2.036889113964267e-07
3590	0.0012781714227252695
3591	0.004038930668062822
1272	4.475038507103302e-05
3592	0.004387758459579925
3593	0.000330915671967847
3594	0.0002985269686106873
3595	0.00011500974224302762
3596	0.0016027609821920817
3597	0.0006222319385499006
3598	2.810914633187341e-06
170	0.0008243175963443335
3599	0.0007938235232110178
1786	0.0008353955436040587
3600	0.0010278714282129036
3601	0.001831160415315724
3602	8.037873529455203e-05
3603	0.0006026134884033152
3604	2.8622578778483633e-06
1707	0.0002397250869343001
3605	0.00016703392080948652
3606	0.0017884376762191737
3607	0.000321518579795226
1337	1.8682706380625421e-06
3608	9.287712945874181e-05
3609	1.0804305781347361e-05
3610	0.0001303132949783742
3611	0.0027621700972339023
3612	0.0005516809721856033
3613	0.00042467406058097475
3614	0.0005710997901058661
3615	0.00016100517883663892
3616	0.000796677481960693
3617	0.0005125661750204136
177	0.0003791626495351592
3618	0.0
3619	0.0009278008226371742
3620	0.0009592118485856745
3621	5.88469279286057e-05
3622	0.0011361404920382993
1491	0.0003312433129672129
3623	0.00013866560437697067
3624	0.00038720682852073587
3625	0.0004215271562405605
3626	0.0006473589664057962
3627	0.0
3628	0.00022531721190026166
3629	0.0008455401919663253
3630	0.00048406928454662455
3631	0.0009675182193715963
3632	0.0007399341714056669
3633	0.0010507025263659508
3634	0.0005920909839608895
3635	2.5247099024781326e-05
3636	0.00015456321542974664
3637	1.5306734611039343e-05
3638	0.00035761889873591905
3639	0.0003012821143280846
3640	9.83124968861061e-05
369	0.00010010118886483415
3641	0.0005183956165199187
3642	7.299953732138569e-05
3643	0.0006886082291113712
3644	0.00022324691790803094
3645	3.457328707411966e-06
3646	7.504516433016037e-06
3647	0.0002966209811540498
3648	0.00013165048575201598
3649	0.002483044553077448
3650	0.0018013670575904453
3651	0.00016048124421889714
3652	0.00045525964095380746
3653	0.0003980578900469988
3654	0.0007827722965141013
3655	0.0006878147270947711
220	0.0005741933230889527
3656	0.0
3657	0.0004317438853825693
3658	0.00011109093294788406
3659	1.489583839491609e-05
3660	0.001016028490695765
3661	1.4547557723029442e-05
3662	0.00047794947255586486
511	0.001025320266563109
3663	0.0008248558365586278
3664	0.0006741422737829004
3665	0.0007326180232098177
3666	0.003536019184450166
3667	0.0013720680245486996
3668	0.00013422282179138595
3669	0.00034665132768158945
3670	0.0013642203449668832
3671	0.00027715905740231225
3672	0.0011993649097985198
863	0.0003503906539597966
1023	9.114054242925264e-05
3673	0.0005919339235929135
3674	1.7026872667408013e-07
3675	0.0001005287973703824
650	4.4760388241963506e-05
3676	2.3776508442233746e-06
3677	0.00018190144841525666
3678	0.00016702672438361442
3679	0.0005604542579162468
3680	0.00046778761299573013
3681	0.00030960488447879495
3682	0.00014746860646201292
1296	5.0080576847175016e-05
3683	0.0003386841122331082
3684	3.889479199513453e-06
3685	0.0011266201541141883
3686	4.113278062997362e-05
3687	0.00037592849097483255
3688	0.0009199810179382213
3689	0.0006563058518438253
3690	0.0
3691	0.0011804922925783916
3692	0.00021454410206629609
3693	0.0001775225739923845
3694	0.0003193439035780756
3695	0.00028020563113233607
3696	0.00024280755891481904
3697	0.0030012134654402276
3698	0.001309446065241548
3699	0.0005644562574736616
3700	0.0007653164849126012
396	3.730500228989867e-05
3701	0.00011578040040214233
963	0.00018183905507994632
3702	0.000205152184283951
3703	0.0004114464230358894
3704	2.060714310640316e-06
171	1.404250657064893e-05
3705	0.0005155959349205932
3706	0.00043174450651933355
3707	0.00023858698301423059
3708	0.00022811716434311012
332	0.002196251405537394
3709	0.0006639119659052906
3710	0.00045923098018500785
3711	6.822017139666938e-05
3712	0.0015024449928965234
3713	0.00016671664641710647
560	6.0171132209066886e-05
126	0.00011947974011871095
954	1.1801451817948736e-05
902	1.706254169409298e-05
544	0.00016061949546993746
148	0.00056407681265233
1453	3.587591469406738e-06
1476	7.178176254906413e-05
53	1.7680087232346333e-05
275	4.905306351910494e-05
1065	0.00017290814233032937
628	1.0709290629544615e-06
1320	2.034382648454821e-05
1712	4.297018054921649e-05
1225	6.13834054822965e-05
1054	1.3466343588789801e-05
924	8.846563515558883e-07
161	4.882963160392167e-05
1501	0.00026779995135292573
1788	0.0001636337360641518
1834	3.7838491154061194e-05
596	4.495593976401365e-05
1429	2.4635767274153918e-05
1648	1.8645273546119738e-05
1282	0.0
326	0.00016264365523429604
1193	3.89888630895744e-05
12	0.00017956859402982447
661	3.4909886989631633e-06
732	3.160531873678867e-05
246	1.762802072426751e-06
1355	0.000258324954512398
238	4.3729242398710175e-05
1539	0.0003532748254426097
1720	1.5928179775609456e-05
757	0.001030346270057833
464	6.391438111478029e-06
633	3.921934312901422e-05
493	0.0006517079801204578
1018	0.0002575028921024621
849	2.319402730343065e-05
307	5.2862563609540545e-05
911	5.945476482708522e-07
569	5.610327811970362e-05
982	0.0001099215071855544
1676	1.4110024421991046e-05
1161	1.784694850265434e-05
602	2.8117011346373476e-06
101	9.640451560927054e-06
1267	4.706661990916227e-05
694	1.295518693291392e-06
231	0.0006705344967027546
1817	3.149472315447757e-05
713	4.337152505948949e-05
708	3.278061696289453e-05
1602	5.9358647974762e-05
890	4.457317972716997e-06
1472	0.000288367632759657
573	0.00011415638538260054
1615	4.1005664743168074e-05
235	1.1079077585869117e-05
456	0.0007254871324139355
709	1.7368301720564915e-05
825	6.760730586557899e-05
707	0.00011853318145509453
1203	0.0002573839132826382
978	0.0001226154828340556
524	0.00012616652236169655
103	0.00028316322006617406
359	3.155734216691619e-05
1517	1.6453117454724694e-05
1052	8.090772301669366e-05
1762	0.0007001129368224026
1179	1.3220359157328802e-06
1521	0.00036886198159205016
654	1.3690560452865437e-07
1704	0.0010186735755526
1283	2.1229449938620442e-05
761	6.801704615791197e-06
1398	1.1561423208955615e-05
389	6.738112526190786e-06
1819	8.252419707064532e-06
739	1.7554727296750216e-06
1333	0.0
1281	0.0
1548	6.168872986213915e-05
1766	4.244081662911674e-06
1026	0.00013447023459591342
1262	4.171732264757893e-06
1597	4.8524897123294114e-05
1121	0.00018153834788951455
259	8.202816370342326e-05
387	0.0001644550401377983
1610	2.5514957140799852e-05
353	0.0021687506056444423
824	0.00023838920717233163
1599	0.00013146331653422706
1237	2.989814662249253e-05
1159	4.703120300082133e-06
1407	3.9688502893985966e-05
697	0.0001839881418703821
1794	6.986426892430646e-06
1572	4.8648744139077234e-05
180	0.0009724954765255067
112	0.0002210462518238727
1323	9.239909807212003e-05
706	7.324615953497853e-05
467	8.38927234824986e-05
1651	8.121318952255512e-06
999	0.00010461167268299089
1190	0.00011754872043807338
39	5.797801478550572e-05
1493	1.8388606410644256e-07
813	0.00024893213579053343
1622	3.831911532711593e-05
1392	1.752764742844392e-07
1799	2.669984630321289e-05
1427	3.2927015915809915e-05
1316	1.8806616533623964e-05
1747	0.00043019298768515207
655	0.0001851074866277314
1689	0.00019488624145939517
35	8.12169703858423e-06
582	7.113175668403566e-06
583	0.0
967	5.638813492556911e-05
86	1.3659986208661467e-06
1393	4.2312316306009106e-05
274	2.4715253059691762e-05
625	0.0007100521114950745
1607	0.00011433485171882434
134	0.0002812313524867753
29	0.000132126063039223
1741	1.3089114965676394e-05
481	0.0002097466363974488
1167	0.00011440256223290495
293	0.0
358	1.2352070886692146e-06
508	3.8407284077095875e-07
719	4.557566793377687e-05
750	5.821049040581667e-05
642	1.3617581758169792e-06
974	4.260551907328418e-06
350	3.822728546093516e-05
1114	1.4596777567484863e-06
1260	5.9578520097053774e-05
1832	2.1683468835784998e-06
1768	0.0002883976038355483
1587	0.0
122	3.113467523014108e-05
156	1.0305673638026093e-05
529	6.806539887496047e-05
1247	2.6975274965252368e-05
549	0.00011483046743344336
1049	5.2049711308862827e-05
1740	5.753639793299133e-07
23	0.0002532002084522041
543	0.0001142033399041004
1397	0.0009506114088336098
1011	1.6898167753937965e-06
767	3.5651917358719886e-05
818	4.190835329859268e-05
461	5.52178697053407e-05
270	0.0003364802724827921
565	0.00048208417970207784
1255	6.312847718891955e-05
664	0.00013577156641824122
1270	0.00013586810781693312
193	0.001576476218560749
1139	0.0001311873730575596
774	1.7199569978659894e-05
881	1.0510973158772304e-06
1593	0.0001279882140113655
685	4.327788573965338e-06
944	4.930465030599041e-05
1147	9.085143602929044e-06
1314	2.0235350398101002e-05
1034	1.7679405712070256e-06
10	4.37738502125693e-05
345	0.0
880	0.00024097392204348465
960	0.00028440701756716927
644	5.771591490997472e-06
546	6.867682117303742e-05
1774	0.0004621844911629672
306	0.00018287813320806833
1246	5.1941733826879026e-05
1017	0.00010004501042149069
856	0.0002478808703266189
842	0.0034793460834037994
228	0.0
288	2.5927905159272314e-05
1187	8.364932621280568e-05
207	7.009105630919512e-06
1399	4.916563952518393e-05
1061	0.00020889838539429472
1092	3.1855070136843045e-06
233	8.512389638564722e-06
1790	1.0354328147359559e-05
532	0.0003918883957310389
686	0.00011451812079433678
1801	9.4594843049478e-06
516	2.71077548873279e-05
1728	0.00010458962738669625
92	0.0017172453943198607
133	1.4854863247012815e-05
912	3.3573374892680618e-06
1544	2.5934902114785196e-05
754	2.3215691025252608e-05
1532	1.615563571491812e-05
82	0.0006282414066271656
1461	4.901881920204945e-06
1816	0.00014284599709493118
1451	5.017272388657266e-06
430	3.53801517346064e-05
801	0.000695028204799871
1568	0.0005466647785831678
1784	7.984505053896974e-06
1130	5.919916136988064e-05
1779	0.0009846846213232726
562	0.0004231115634034493
372	0.00016109556153693868
1631	1.3016952660998448e-05
1628	0.0001362051665504642
1091	0.00023043204989873296
1473	0.00014145943055004985
160	1.213440257955699e-05
182	8.255897224507035e-06
955	0.0002873888907116051
1046	1.1459275449282303e-05
1591	3.3673377176796388e-06
349	1.2437725296448517e-06
5	0.0003366578551113446
1336	3.406755878049663e-06
1729	0.0005084076214503905
1308	0.000268996930986179
1519	0.0
1358	1.6366934922883352e-05
117	0.00010382578485902611
85	0.0006737862855192369
1157	0.00010553227374315125
335	0.00015060144588265026
1048	8.912521732370524e-05
458	0.00011751242718570645
1122	9.112657048137351e-05
1765	5.9942521899275905e-06
808	4.760647239592828e-05
52	0.00016211873798108943
1482	6.006806395589344e-05
1196	0.00023585964246313984
1626	0.00013336796252610506
1483	9.650564298431905e-05
1075	4.289005191244883e-05
298	6.754394778560111e-05
304	0.00015514533232235215
113	0.00024797186450882785
1359	0.00016484528836380787
462	2.5118359863892728e-06
1520	2.840102851408616e-05
486	0.00014222257762856928
1776	6.74461988376266e-05
1142	0.0001440076092596803
468	8.475971431699288e-05
470	1.914511394770135e-06
809	9.570616746326988e-05
594	0.00010732506098802951
1119	3.693179920133622e-05
1349	1.2317633210229112e-06
515	0.00012642822401656763
401	6.1305040615481e-05
915	3.2889787466102597e-06
1173	2.4521340236974297e-07
869	4.7062667243304965e-05
799	0.0
1647	0.00010654072427764714
673	1.9938659268592745e-05
585	0.0
861	8.484721612821726e-05
21	0.00014526810329763484
906	0.0006340630050330873
385	1.0259614413140992e-05
1742	2.2595337443098064e-05
927	4.2197361315568023e-05
1298	2.4173973978136777e-05
1504	0.0002367370345727817
631	6.015081999369557e-05
867	0.00013373871107952724
561	1.128874554190799e-05
691	9.622784586413044e-06
864	1.899751471681181e-05
966	0.00012652642419929333
71	3.882882604426559e-05
910	0.0
1837	9.284141612015557e-05
1802	5.545762348448405e-06
1020	9.566953214759266e-06
388	7.470276104631825e-05
615	1.35344488545896e-05
108	0.00017593364168936972
976	7.817312133448465e-06
1332	2.887379394260061e-06
1344	7.888579862979038e-05
273	6.798633329116775e-05
698	9.618086224161181e-06
1693	4.138225893997171e-06
950	1.6934854525899803e-05
991	7.902732338213247e-05
1623	0.0
1172	0.00013046485185001422
620	2.924708908300963e-06
533	7.904096973170629e-05
338	2.705973836432885e-05
1277	3.884160847067571e-06
1573	3.851002799051587e-06
764	2.1350015560226665e-05
1292	2.2065067116619916e-05
172	4.2431818997546425e-05
795	6.478535764960582e-05
1181	4.7470627303599105e-05
1103	0.0006664063251244533
144	3.3329378548206345e-06
1541	4.305374303045724e-06
413	4.441176500361741e-05
498	0.0002836537649877496
1731	0.0003803489487347256
1557	2.7045676102756253e-06
150	2.6997586010016296e-05
219	2.0796925010274883e-06
1341	0.0003030746923546592
465	2.2665851801353262e-05
1278	0.0
576	4.3405109820748065e-05
1060	8.951111077835874e-05
1455	2.1690725795921093e-05
523	9.066707997178511e-05
1669	4.082491433862633e-05
1016	0.00012019356788934085
1653	4.662771729983026e-05
1757	0.00013535370224470775
1739	0.0003389522386529847
324	0.0005546690490789606
1560	2.2170548134523162e-06
1649	6.985389004933044e-05
1268	0.00017679166219401518
1789	0.00011838604639641053
1315	5.294343414580428e-05
1603	0.00020922901222169182
1459	2.0949456327895656e-05
781	2.6868055250594282e-05
429	1.4860677716097883e-06
1153	0.0004838853741622825
889	2.2324613550625265e-05
1182	1.3339953046078536e-05
614	0.0001738954916868272
695	6.408688630839486e-05
1529	6.004301978941901e-05
1508	0.0
203	1.3907689330120918e-06
1248	7.792122056140261e-05
1321	1.221315372034261e-05
1240	2.5291233626098018e-06
1029	1.3827945425324323e-05
647	7.285603840884621e-07
1543	0.00038481507287302754
1044	0.0
599	9.156302268129593e-05
305	0.0002711990907562814
1831	3.3609018550011832e-06
901	4.909697343063953e-06
577	1.315087544177555e-05
1126	1.8695595595244202e-05
1479	7.835026731738935e-06
1512	5.003411522452539e-06
1750	5.0359512893212896e-05
1192	0.00011714017466498374
1724	8.241708958080174e-06
206	5.100942275697194e-07
1289	3.317568996490631e-05
839	1.0997027635101023e-05
352	0.00016092492101257285
726	3.767222546068873e-05
1098	0.0001441061334072972
1005	0.00044131014397347506
190	9.205901901665062e-06
1652	0.00041840639548015624
261	4.201813097475049e-05
425	6.309528573912219e-05
1833	8.87518237201674e-05
513	1.955589513637758e-05
595	3.2896105476564485e-06
1601	4.79214322715469e-06
555	4.537309558137675e-05
168	1.633336170745753e-06
1395	6.903830122866686e-06
432	0.0
398	1.99933201399435e-05
638	0.00017407221440545744
945	9.445635196035155e-05
344	0.00015428770900739017
202	0.0
703	0.00024102160590011543
1686	0.00015240741884856924
1562	3.642050387764717e-06
1290	7.00720787379214e-05
366	1.0056247734634529e-05
1723	2.6738238756656675e-05
1335	1.2683738558377184e-05
879	1.2612169827833176e-05
325	3.438361942690852e-06
1793	0.0002760713676850215
14	4.9120540953785236e-05
1711	5.349184319418752e-06
286	2.891192837674386e-06
526	0.0004139688261034844
1480	4.336156736160796e-05
1511	0.00019184945869510093
1301	1.3533698343331988e-07
1143	1.866521263706585e-05
296	0.0
1373	1.861314443011068e-07
32	4.0462597253914355e-05
860	4.7632425667921186e-05
775	0.00010250903844481414
1243	0.00010165095104155554
611	0.00038382566744995253
541	9.454765599031215e-06
1291	8.487533960510435e-05
731	4.129027829242233e-05
566	1.6661298844557774e-06
510	0.0
834	6.207549711185929e-05
91	0.00032832934505540805
1165	1.1111192934051226e-05
1533	6.135508121181133e-06
1326	0.00044564280330262873
466	3.962601808258563e-05
300	2.802545803770811e-05
1279	3.1275313592220863e-05
115	9.353406129720464e-06
884	2.8348933603880874e-06
97	2.145997546645352e-05
1384	7.42507978950569e-06
1351	2.245112382912231e-05
1627	5.280843810360237e-06
996	0.00017183736437309394
747	7.426360235688235e-06
1132	2.445681375584238e-05
587	3.76721727814333e-05
1410	9.883143676662381e-06
908	4.282718690506712e-05
1733	6.537199274274713e-05
1522	0.00037682785306928024
129	2.2289073731069857e-05
459	3.830590909414273e-05
1141	0.0002483144032220915
786	4.432282865225416e-06
613	0.00020329430076109005
936	8.001134305090355e-05
1197	4.0117213015341256e-05
923	1.917051445187903e-05
868	4.380170310197411e-05
857	1.2624344540159928e-06
1138	2.9198877134796064e-05
263	1.107414957244594e-05
1523	5.277032506460659e-08
1271	4.8133015130808486e-05
1814	2.759593124046312e-05
381	4.417569206057715e-05
1210	8.45471059594597e-05
1528	7.624326738175882e-07
375	7.821027149123116e-05
877	8.715412859650153e-06
451	0.00043375473524461845
36	0.00025221907388561847
892	0.0
932	3.226538875205369e-07
1688	0.000507197772455587
580	0.0
147	0.0009395019216268219
1155	3.3343010254701852e-06
898	7.04525230593457e-05
1232	5.502529010679171e-06
351	4.184603539258581e-06
1166	0.0
745	0.0008271976903516941
1152	3.196776918316501e-05
518	9.053932549303691e-05
793	2.2268808747156922e-05
1611	4.988560846239103e-06
1035	6.235001842851478e-06
977	3.558929149917634e-05
1416	7.287452508720923e-06
1565	3.025498986265277e-07
55	5.5584295371208315e-05
130	1.3305137782995197e-05
347	0.0011292716548832813
1207	1.4030389298081296e-05
1715	0.0003860303925696984
1566	1.7860965534098516e-07
1447	0.0002701684024057974
684	7.494150972822354e-05
1213	6.594473784721382e-05
812	6.872088824003474e-06
917	6.4262651363657644e-06
200	1.4960934142314904e-05
70	3.664985849950951e-05
1734	3.717790526826778e-05
1074	6.070336047508138e-06
260	1.2399664275954314e-05
1732	3.1346813038063816e-05
1498	7.402304188886973e-05
1466	0.0
1372	0.0
1470	1.2651251879600581e-05
1445	0.0006826698914457134
552	7.357831818997897e-05
704	3.166620477853574e-05
426	0.00027544243368562434
234	1.0757771534875514e-05
1782	2.1860580212723365e-06
660	0.00014082814652764555
1340	2.5785415754554e-05
282	0.00027566783761819627
63	5.9876506068498214e-06
1129	1.4183442497855553e-05
1294	6.993257153404786e-07
1736	4.792037504384883e-06
475	6.1248093472606485e-06
1043	0.0
1194	3.505533309509588e-05
1767	7.088608838037836e-06
499	1.7975585626586217e-06
636	1.978191596504128e-05
1135	4.255076873920671e-05
528	0.0001527422742546179
208	2.8257889828427603e-05
1305	8.892983640853724e-05
431	0.00023911122281204623
1558	1.795681205775078e-05
626	1.4902760817476964e-06
469	6.775791692130518e-07
1726	5.674935792305935e-05
1725	0.0
1646	9.217688396668396e-05
1025	9.708354229598649e-06
503	3.243498476918672e-05
18	2.607710564489008e-05
1068	0.0
1443	2.1942098082945917e-05
1115	5.558513170387063e-05
1612	0.00016152436177287906
1300	6.655443290151692e-07
1104	3.981469182999972e-05
957	7.776325015284236e-05
919	4.410431963296601e-05
442	6.498610418323134e-05
784	5.680575202092823e-05
452	0.00015379430792989695
1524	8.716246182504914e-05
1027	9.356835464733931e-06
1186	0.0
885	5.392144235469886e-05
1100	0.00010667756151436873
229	0.00011551247671233566
770	6.8414845582099445e-06
938	4.438923687722155e-06
1422	0.00010005788582364106
671	6.89594386415757e-05
496	1.967764423130458e-05
1002	1.1542932456670557e-06
943	1.5485335416915337e-05
1317	0.00011438557553045786
271	8.142682034890243e-05
438	0.0
833	9.778221385628669e-08
1360	6.551673463829051e-05
871	3.1230767847413545e-05
537	1.0794002049281513e-06
1327	1.5342021135119757e-06
33	4.272418827548309e-05
714	5.684879356354255e-06
791	0.00026769150478400075
858	9.705811922783597e-05
940	7.86521944904021e-05
361	0.0
428	3.048718507621031e-05
1117	0.0002552110711779363
1661	4.2821181617474175e-05
1218	1.4524031248620277e-05
994	1.880118538439417e-05
1430	0.0001226003898438488
378	2.9079469409151717e-05
1064	4.275901720649659e-05
1530	8.512389638564722e-06
154	4.7199014325609634e-05
848	9.472609455627687e-07
1643	0.00018868778537269745
45	2.0517155112491317e-06
444	1.12293706922488e-05
247	1.2208407114502186e-05
13	4.132759831188605e-05
821	9.435264229109548e-06
1106	5.780362307448969e-07
1574	6.944219917855706e-05
198	1.7172671909106378e-05
668	1.2594460594084691e-05
1211	3.098731552308627e-05
1674	2.9596241515307003e-05
738	9.332232184209174e-07
1116	2.0778084538849205e-05
1490	6.420273522954906e-05
1836	2.232809630448864e-05
169	6.335129857197713e-05
1059	2.5346357535443214e-07
1531	1.0531611772941665e-05
1328	3.4253629278094624e-05
309	5.3413149863858065e-06
1721	5.889588285860031e-05
1405	0.0
1488	2.7305655032438837e-06
283	1.547927478546919e-06
551	5.741073552743239e-05
1302	7.34956216829644e-05
1497	5.812634441402063e-05
617	0.0
1835	3.4504108902397454e-06
445	9.743209047221038e-07
1624	0.00027646433496797304
1570	4.771787312248513e-06
771	2.3776942274528522e-05
19	2.046062694563693e-05
105	4.1258690953631235e-05
386	1.609439012268022e-05
903	2.107045677541781e-06
399	2.066503647500357e-05
196	0.0
290	2.9561862883701842e-05
1701	6.531940873478039e-05
998	6.409730809539112e-06
579	9.08553353204867e-06
900	0.00011096483571652625
1024	3.2899120950581893e-07
604	0.0005730853968143171
1713	1.5666241704950958e-06
311	2.8531299857467985e-06
1251	8.909039353325668e-07
1771	6.493317940427764e-05
106	4.025415387121348e-06
1394	7.081913828477124e-05
447	1.7263988336688469e-06
1744	2.25457052522707e-05
559	3.224757472988236e-05
564	6.837456310350037e-05
267	5.3381298631014004e-05
1234	2.4211888976886464e-05
262	8.561457217226825e-06
725	3.54416316511291e-06
189	0.00012796121775196113
1324	1.45765889942498e-05
363	0.0003188836141579062
1221	6.511585945131765e-05
1338	9.083503348550421e-06
979	8.576872769919955e-06
406	7.295725985905976e-07
1047	5.877940549051976e-05
882	0.00033750202459025593
1379	2.2417814292566304e-05
1021	5.4237873724500515e-05
1269	4.8155003873434826e-05
1189	5.5134606680547275e-05
680	9.143077188601757e-05
1259	4.671224792133649e-05
142	2.5601152016598858e-05
545	4.064887484988213e-05
598	0.0
1540	0.00011786010998318657
1346	0.0
1383	0.0
1656	7.50741268464941e-05
1561	0.00019014143008228297
1390	0.0002595634198647433
474	0.0
507	0.0001680602414175868
556	2.0646174621111138e-05
727	0.0002504187805075569
1354	1.7118735615732785e-05
953	0.0
1821	4.7778802725261905e-06
1304	6.30797402963251e-05
1009	2.307147960499497e-06
810	0.0
1756	2.308333671547591e-05
1368	4.076503213524776e-06
89	4.948254121511375e-05
817	1.913358246728666e-05
1475	1.6679559830352148e-05
1252	0.0
1209	2.5901501551602406e-05
303	1.0625600157729992e-05
1185	0.0
377	0.00027779534283964963
789	5.1326638744221275e-05
1613	2.162224722989626e-05
1807	0.00023462560255885773
646	1.1727632247389837e-05
384	2.8952007371927738e-05
891	7.68647409094361e-05
1823	3.795494077309396e-05
873	1.550200564064939e-05
782	8.110487218364683e-05
525	3.561025166523448e-05
1805	0.00010359435072217676
663	2.6817293282829572e-05
1469	1.875838612301077e-05
51	8.757251685429236e-06
925	0.0
278	4.108923602400577e-06
1625	2.5212317958598705e-05
935	2.4950381356989797e-05
1244	1.6804592445948156e-05
1339	2.2140659332086247e-05
760	1.4172557478241095e-06
1365	1.027809610716705e-07
418	4.6923489585577995e-05
692	6.309528573912219e-05
1402	0.0
257	0.00015977025128618167
165	6.4703954554721e-07
433	2.3206779945173517e-06
1330	1.2038510189605351e-05
162	6.506794146013028e-05
473	5.208311290705195e-05
1374	0.00019498705742752566
107	0.0
1148	6.312990073815734e-06
841	1.4264714128933244e-05
1180	3.256066539474687e-06
997	3.7205629193422677e-06
1347	5.421586361514738e-05
1621	3.0963742945737245e-06
1205	0.00020823578006208464
1609	9.463975463948781e-06
489	0.00040225165033198684
1235	3.1331190292477063e-06
894	3.606383159469926e-05
339	2.0149342943502385e-05
176	7.165124162285082e-05
1256	0.00022547295524250678
1297	2.0460753095912885e-05
1202	3.437971104463998e-06
8	0.0
949	1.2076354299827814e-05
1319	0.0
291	0.00015844130633008396
1353	2.358134323028011e-06
1241	1.8869962007798168e-05
1156	3.3377291952597395e-05
538	0.00018259446330230048
24	2.106662507073857e-05
765	6.46896529224481e-05
357	1.2340747294730757e-05
701	5.761107083853052e-05
116	1.4852336071300801e-05
823	6.7783941437519965e-06
1826	0.0
718	4.5108024998886136e-05
28	1.7562013557955638e-06
340	1.9408682425009617e-05
1657	1.7299740170916882e-05
1295	1.840033796908844e-05
256	7.993849357310682e-05
729	1.6619329103638132e-06
1201	2.9282808023634674e-06
287	5.358755081159919e-06
853	4.7741615462961495e-05
4	0.0
618	0.00039766130743327393
780	0.0
419	4.356665160175767e-05
423	4.022949079357675e-05
483	0.0
1010	1.3461338653643335e-06
1764	4.6414468870559965e-05
749	0.0001025734805646874
1727	7.040677004369e-05
404	1.3492915783605e-05
1170	9.246333282456725e-06
1310	3.33806548088196e-05
959	7.775419451032941e-05
1444	0.0
586	0.0
1265	6.740710056214054e-05
641	0.0
895	5.6097277245881444e-08
119	2.7282132402061243e-05
914	6.203895450162318e-06
696	7.963807814526878e-05
981	4.896173942174623e-06
1242	5.497187434441297e-06
1502	7.335620218900407e-07
1785	0.00028239663379606394
313	1.2741072054794687e-06
1735	7.905310311010587e-05
192	5.438019961468564e-07
1356	5.597499790365229e-05
648	3.0268042729041647e-06
843	2.0711482965429895e-05
236	1.0797567876423426e-05
66	5.1210687503151804e-06
612	1.0373792229822948e-05
742	0.0
1215	4.0535840851243653e-07
1569	0.0
1411	7.54023226831996e-07
1036	2.3651427627925774e-05
1140	0.00019090904543701893
803	1.5377151990741236e-05
1696	4.44506824084003e-05
1227	5.888875757467738e-05
995	2.6119116901203146e-05
687	0.0
1285	0.0005032264300169699
26	8.600262677127202e-05
1513	0.0001503317719217908
1708	0.0
802	0.00013588285000820291
1276	2.5748212828613343e-05
984	0.0003939260437319858
1535	6.009003035556965e-05
412	1.9042529252776415e-06
806	7.357073713825878e-06
1107	9.5803199179169e-08
317	4.167476689818093e-06
744	0.00012162245877546356
1665	1.813759993832897e-05
1177	0.00021103151159437925
743	0.0
1457	0.0
48	8.482097181092196e-06
826	1.1854660506988344e-05
653	2.460556239412983e-06
111	8.457636980729108e-05
334	3.041855661705326e-06
756	0.0001978096056039479
970	0.0
1223	1.6280673799128066e-06
1230	1.8469062578620737e-05
1559	2.0257749799260162e-05
815	1.894965771870527e-05
1236	4.36176698747317e-07
667	0.0
1254	3.5552283553946037e-07
224	1.092888627703586e-05
1362	1.7591287514583605e-05
1650	1.1984872589093281e-05
1425	9.736382458454811e-05
244	3.312863137348511e-05
439	1.2669564639639581e-05
1759	0.0
158	2.169782584853188e-06
629	0.0
1820	5.9127210338713535e-06
1055	6.118863841117413e-05
897	4.554720242205902e-05
794	0.0001478068137938141
527	0.0
710	3.39718883875247e-05
84	0.0
1224	4.6272658749326724e-06
44	4.033772858299287e-06
1619	0.0
1489	9.916245737732956e-05
360	8.668492627393866e-08
1188	0.0
519	1.407795793608872e-06
318	8.824267130576538e-06
76	5.646543229570312e-06
1431	5.137044258943122e-07
251	8.046721916562493e-06
1718	5.395339958420554e-06
1582	1.1308931795775581e-05
1093	3.787536853349064e-05
1680	8.216587263186522e-05
159	2.224810732073993e-05
624	5.7771884125335544e-05
1037	7.594370225770013e-05
1598	1.2792141239425707e-05
1639	0.0
1787	0.0
1428	7.837532374537468e-06
42	8.656251356726848e-06
1000	6.0369596661116686e-06
243	7.929305927925626e-07
1396	0.0
1492	2.83415459722627e-05
136	1.6129185592524107e-06
1069	6.957667433442954e-06
0	0.0
645	4.663227318590105e-07
355	8.803049931552966e-05
1409	2.6832210673804966e-05
1216	2.4356671403778098e-06
1357	1.9162397073267944e-07
1773	0.0
1516	7.787933547026954e-05
520	4.6108428232734485e-06
1467	1.5022838892614157e-06
840	8.426825246176708e-06
1677	8.681591678035393e-07
1640	0.0
94	1.449101509018468e-07
1691	0.0
608	0.0001487101167778828
114	1.845099190924084e-06
1737	3.0073743033259788e-06
700	5.0703265654263296e-05
946	5.009251363593482e-05
1687	3.535532163602473e-06
548	7.954328777415317e-05
643	0.00011779676924169292
814	3.2460643609843695e-05
501	1.6426923093405342e-05
443	1.2214172369141584e-05
1460	4.540713609301979e-07
373	1.9724217860036143e-06
1146	1.0864937899397032e-05
183	2.518254298011226e-06
1206	0.0
1818	1.0080177201250503e-06
568	1.3029661956307951e-05
592	0.0001272498405068539
1509	1.1559633992002322e-06
920	1.4391365663556363e-05
1414	5.2458603577318915e-05
1702	0.0
1769	0.0
1099	3.3901262764869203e-06
310	8.142900816914312e-05
1158	4.4963004845331404e-06
1746	2.8588081621515895e-06
173	4.901881920204945e-06
506	0.0
1041	2.444163318225193e-07
1812	3.7105942432670265e-05
509	0.0
1551	7.402576914332417e-06
1753	0.0
1133	2.8245722451039976e-05
1448	0.0
1382	4.0036466025930626e-07
1634	5.40453327181476e-06
1576	2.9700094159424005e-05
1309	0.0
717	8.505563243024775e-06
1012	1.5603815880232524e-06
187	0.00015703114949246327
517	8.071523974840731e-07
242	1.2347350285765506e-06
1249	2.3185906811982825e-06
1420	3.101487232600925e-05
249	4.934008330487487e-06
485	4.2160793592487667e-05
637	2.0142662194776933e-05
1401	0.0
157	3.654414789649557e-05
269	0.0
1590	4.188783194280904e-06
80	3.595022827053379e-05
1228	5.255058445454066e-06
255	0.0
367	2.8802499836309194e-06
820	5.400711758997851e-05
632	3.939237634214228e-06
230	5.532417960607309e-05
1824	7.186727255177312e-05
975	4.413315306042426e-06
887	0.0
1073	0.00019488632827198576
149	3.543902556638497e-06
804	3.92146570420509e-05
715	0.0
1229	0.0
1403	6.385603112436512e-05
1534	1.1497983037013923e-06
1076	8.173979739434087e-06
218	1.7650451863799374e-05
1791	0.0
1755	1.080160699877692e-05
1752	4.9600909562429544e-06
1580	1.31329478351445e-05
728	6.633092272547148e-06
1191	2.667946768014355e-06
931	3.413179141410723e-05
1184	0.0
341	2.1127586392153644e-06
1796	0.0
1458	4.564081782197688e-06
1685	0.0
1804	1.2520357807871296e-05
1658	8.221168069973428e-06
422	0.0
591	7.41073400037663e-05
689	0.0003263342256751896
1078	6.978559174882095e-05
1112	5.001176232203894e-05
896	9.311190963356188e-06
875	0.0
1226	1.529391602888696e-05
1706	2.65395726774827e-06
1195	3.234660643408808e-06
60	1.2650505393107707e-05
174	0.0
1040	0.0
99	9.758130930217914e-07
634	1.4684180654888507e-05
872	7.730798189837338e-06
100	4.6827940423145235e-07
574	5.2832383961704396e-05
677	0.0
947	5.170892100498974e-07
937	1.862675066074273e-05
1555	1.6129185592524107e-06
1760	6.36748209828314e-06
1761	0.0
476	3.7206610501629274e-05
972	1.315643765848173e-05
1442	1.831688464272526e-06
245	0.0
575	2.540430867046881e-06
323	2.557609676472902e-06
1454	1.6359122794407397e-06
209	0.0
1342	1.019195317062511e-05
3	0.0
1162	0.0
1053	3.4087037241250107e-06
409	0.0
59	0.0
851	2.3029521395589066e-06
15	1.7490095722332387e-06
630	4.43723531007532e-07
886	1.0354378767831288e-06
1067	0.0
522	1.7652075657914178e-05
441	1.346224293530365e-06
252	5.687190001072375e-06
1134	5.4968762710066457e-05
1714	1.7419975785280096e-05
1128	0.0
1698	1.8008324050248563e-05
457	3.1064869587214376e-05
720	0.0
540	1.1469044989137847e-05
1772	2.2063744193759665e-05
1163	0.0
1208	1.1980472211674937e-06
971	1.959673316450306e-06
1659	0.0
1220	0.0
356	9.236852065030224e-06
188	9.43476155924033e-06
807	3.787738043922784e-05
314	0.0
1474	1.1677170624867343e-06
1071	2.759906852472614e-05
1169	2.989000943154465e-05
1633	0.0
514	2.7267924399620867e-07
186	2.569637111765347e-07
905	0.0
1477	0.0002887135939834597
1051	1.4461923739218162e-06
1719	2.6087176240245643e-05
1617	2.1404670319748683e-05
1588	0.0
1325	4.768235333335098e-07
1682	4.896630927305445e-05
1664	0.0
1629	6.7948330133931494e-06
292	0.0
1438	1.5963359497785615e-07
1717	9.199213898391795e-07
769	6.436111492923405e-05
773	5.789815524232699e-05
179	0.0
320	0.0
748	0.0
1798	0.0
1550	0.0
934	1.970486009840967e-06
1378	9.285018738391226e-08
640	0.0
965	6.718665916461202e-07
1421	2.6844035989557182e-05
1514	0.0
688	2.2245027187662662e-07
762	9.46318187388644e-06
1160	0.0
1468	1.2569072159883485e-06
484	1.0559825848884007e-05
1825	2.686402792279722e-06
38	0.0
1361	0.0
403	4.254698759545077e-08
1110	0.00010788656472898557
1635	6.5777897341322805e-06
1214	1.4036498458358073e-06
61	3.775725415616018e-06
1554	0.0
354	9.55099317693668e-06
1329	0.0
1571	0.0
1436	0.0
1567	0.0
1376	5.108411584035993e-05
240	0.0
716	2.2823804477839386e-06
505	2.4419118597773135e-06
1019	0.0
1808	1.8733086386823863e-07
199	0.0
854	0.0
376	5.041782364928481e-07
1386	4.0286790222529184e-05
1666	0.0
730	7.132833897592108e-07
681	0.0
751	0.0
1419	1.2746081085555599e-05
253	0.00013921045619252453
1363	0.00011591206984834106
836	5.632348608286346e-06
346	1.3725518865660234e-06
394	0.0
788	7.491917119915487e-05
135	0.0
1375	0.0
1709	1.3622006247834406e-05
828	0.0
835	3.1032749805972875e-05
217	2.2982655657610515e-06
699	3.330333837130866e-05
294	3.2318299269726416e-06
420	4.0511169802359624e-06
408	4.369846645357972e-06
733	5.0252893058219734e-05
1667	4.731056265922286e-05
1638	6.646800675469335e-05
1113	0.0
1263	9.282014695342927e-07
1630	3.852603402175511e-05
316	0.0
1086	0.0
656	2.0459356939709924e-06
487	0.0
1503	9.126324813231381e-06
216	4.757110208288273e-06
221	0.0
1496	2.9761811369011136e-06
1434	0.0
504	1.6543291940453512e-06
128	3.544086034804638e-06
16	0.0
1288	0.0
1716	4.239513897707014e-05
415	0.0
1389	3.79674971436865e-05
627	3.3933269343063213e-06
1199	0.0
1754	5.343045529060167e-06
986	0.0
679	1.5163698157277096e-06
299	0.0
798	0.0
690	5.467814949710371e-05
1233	3.377220685865048e-06
2	0.0
65	3.986773289542855e-06
712	2.281600701024948e-06
1408	6.119219474843314e-06
1692	7.99298091497717e-05
322	1.3080030485715028e-05
865	0.0
1371	0.0
437	0.0
1090	0.0
463	0.0
1758	0.0
1683	0.0
400	0.0
1084	4.812403143192078e-06
1077	1.2313861412837859e-05
1777	1.3444720911539537e-05
1584	0.0
1605	0.0
1441	0.0
410	0.0
1299	0.0
239	0.0
1007	0.0
951	2.4172857139733724e-06
1449	5.0227686952636645e-06
674	0.0
1070	3.2037373633067416e-05
1575	0.0
453	0.0
1525	6.165406583002127e-07
870	3.3285277449145023e-07
600	1.0749909000801805e-06
491	0.0
77	0.0
740	0.0
1654	0.0
414	0.0
1006	0.0
1770	1.7727589707276437e-05
211	0.0
1745	4.397841483160991e-06
845	2.40803798425434e-05
1257	0.0
391	0.0
297	3.939622552233411e-06
649	0.0
734	5.438019961468564e-07
1604	0.0
1660	0.0
874	2.723554196462367e-05
1556	1.4794851173538553e-06
1703	0.0
1273	0.0
1066	0.0
988	0.0
1370	0.0
1577	0.0
1505	0.0
1102	3.6668060493228343e-06
553	6.961169885516895e-06
1450	5.332042706008033e-06
87	0.0
379	5.010938613595531e-06
597	0.0
721	9.035140988503958e-06
557	0.0
492	0.0
131	0.0
816	0.0
948	0.0
365	0.0
1105	0.0
90	0.0
921	0.0
50	0.0
1484	0.0
478	0.0
370	0.0
1400	0.0
1730	0.0
1108	9.294393910485709e-07
1131	0.0
1088	0.0
237	0.0
276	0.0
722	0.0
1042	0.0
56	0.0
639	0.0
893	0.0
