1838	0.004551920341394026
1204	0.0019914651493598864
1839	0.0002844950213371266
1840	0.0017069701280227599
1841	0.0031294452347083927
72	0.07965860597439546
1827	0.010241820768136558
1842	0.0017069701280227599
1843	0.0005689900426742532
1222	0.008819345661450925
1844	0.003982930298719773
1845	0.005689900426742532
1846	0.004267425320056899
1847	0.0019914651493598864
1848	0.0025604551920341396
1849	0.0005689900426742532
1850	0.002275960170697013
531	0.01877667140825036
1851	0.006827880512091039
1852	0.005689900426742532
1853	0.0034139402560455197
382	0.026458036984352777
1854	0.0008534850640113799
1855	0.0005689900426742532
1856	0.006827880512091039
1857	0.0036984352773826463
1858	0.005974395448079659
829	0.002275960170697013
1859	0.004267425320056899
488	0.023328591749644384
1860	0.0031294452347083927
195	0.06458036984352775
1136	0.0008534850640113799
1861	0.0025604551920341396
1862	0.0008534850640113799
1863	0.002275960170697013
1864	0.010241820768136558
1865	0.002275960170697013
1866	0.0005689900426742532
1867	0.0008534850640113799
1868	0.0019914651493598864
1318	0.0019914651493598864
1869	0.0008534850640113799
777	0.008534850640113799
1870	0.005120910384068279
153	0.012233285917496445
1871	0.002844950213371266
1872	0.003982930298719773
1873	0.0031294452347083927
1874	0.006827880512091039
1875	0.0036984352773826463
250	0.0034139402560455197
1876	0.011095305832147939
1877	0.006827880512091039
472	0.011379800853485065
1878	0.0031294452347083927
1879	0.0008534850640113799
1880	0.0008534850640113799
1881	0.0008534850640113799
1231	0.008534850640113799
1882	0.0036984352773826463
1883	0.003982930298719773
1884	0.0005689900426742532
1885	0.001422475106685633
1886	0.0019914651493598864
1887	0.0025604551920341396
1275	0.0025604551920341396
1888	0.004267425320056899
1751	0.0025604551920341396
1889	0.010526315789473686
1890	0.003982930298719773
1606	0.0019914651493598864
1891	0.006827880512091039
67	0.01251778093883357
1892	0.001422475106685633
1893	0.0034139402560455197
27	0.15874822190611665
1894	0.0008534850640113799
1895	0.002844950213371266
1896	0.003982930298719773
1897	0.0034139402560455197
539	0.028449502133712664
1898	0.008534850640113799
1899	0.004267425320056899
1900	0.005689900426742532
593	0.006827880512091039
79	0.016216216216216217
1901	0.0034139402560455197
1902	0.012802275960170698
295	0.0008534850640113799
1903	0.002844950213371266
1904	0.002275960170697013
669	0.06372688477951637
1905	0.0011379800853485065
752	0.002275960170697013
1906	0.0073968705547652926
1907	0.0034139402560455197
1908	0.002844950213371266
918	0.001422475106685633
1909	0.0017069701280227599
1910	0.0008534850640113799
1911	0.005405405405405406
25	0.0984352773826458
1912	0.008819345661450925
623	0.004267425320056899
1913	0.004267425320056899
141	0.002844950213371266
1914	0.005405405405405406
1915	0.005689900426742532
1916	0.006258890469416785
1917	0.004551920341394026
1918	0.0036984352773826463
268	0.0017069701280227599
1919	0.014509246088193458
1705	0.004551920341394026
1920	0.004551920341394026
201	0.006543385490753912
1921	0.002275960170697013
1922	0.0017069701280227599
1923	0.013371266002844951
1924	0.009672830725462305
832	0.0008534850640113799
1925	0.0025604551920341396
1926	0.0031294452347083927
989	0.0011379800853485065
95	0.002844950213371266
1927	0.013086770981507824
1928	0.002275960170697013
1929	0.0036984352773826463
1930	0.008250355618776671
449	0.005974395448079659
1931	0.0025604551920341396
1932	0.0019914651493598864
796	0.01251778093883357
1933	0.006543385490753912
1934	0.001422475106685633
621	0.011664295874822192
1935	0.0017069701280227599
1936	0.003982930298719773
1164	0.01251778093883357
1937	0.004551920341394026
1938	0.002275960170697013
1939	0.005689900426742532
1940	0.004551920341394026
1941	0.0025604551920341396
146	0.01593172119487909
1942	0.0031294452347083927
1943	0.003982930298719773
1944	0.007112375533428166
1945	0.003982930298719773
1946	0.0011379800853485065
1947	0.0031294452347083927
1948	0.004267425320056899
1949	0.0025604551920341396
1950	0.005689900426742532
1951	0.005689900426742532
1952	0.01251778093883357
166	0.02532005689900427
1953	0.0031294452347083927
1954	0.0031294452347083927
1955	0.0025604551920341396
197	0.01251778093883357
1956	0.001422475106685633
724	0.00938833570412518
1957	0.005689900426742532
411	0.04466571834992888
1583	0.002844950213371266
1958	0.0025604551920341396
1959	0.006258890469416785
1960	0.005405405405405406
1961	0.0048364153627311526
1463	0.0036984352773826463
1962	0.0002844950213371266
1963	0.003982930298719773
1964	0.0025604551920341396
1965	0.0019914651493598864
1966	0.013371266002844951
1967	0.005974395448079659
1968	0.0008534850640113799
1969	0.005689900426742532
1	0.07140825035561878
1970	0.006258890469416785
1971	0.0034139402560455197
1972	0.002844950213371266
1973	0.005974395448079659
1974	0.033854907539118066
1975	0.002844950213371266
88	0.0790896159317212
1976	0.0025604551920341396
1977	0.010526315789473686
567	0.0017069701280227599
1978	0.008534850640113799
1979	0.007112375533428166
1980	0.005405405405405406
1981	0.0008534850640113799
1982	0.0034139402560455197
93	0.00938833570412518
675	0.005974395448079659
1983	0.001422475106685633
1984	0.006258890469416785
1985	0.0031294452347083927
1986	0.004267425320056899
1987	0.0034139402560455197
1988	0.0017069701280227599
1989	0.0002844950213371266
1990	0.002275960170697013
1991	0.0025604551920341396
1992	0.0025604551920341396
1993	0.005689900426742532
1994	0.002275960170697013
1995	0.0034139402560455197
1996	0.0031294452347083927
1526	0.004551920341394026
1997	0.0025604551920341396
83	0.012233285917496445
536	0.0002844950213371266
1998	0.001422475106685633
1999	0.007681365576102419
2000	0.006827880512091039
2001	0.002275960170697013
2002	0.0025604551920341396
2003	0.008250355618776671
768	0.01507823613086771
2004	0.0008534850640113799
30	0.0011379800853485065
258	0.006827880512091039
2005	0.010810810810810811
2006	0.001422475106685633
1515	0.0002844950213371266
2007	0.010241820768136558
1391	0.008534850640113799
2008	0.0017069701280227599
2009	0.001422475106685633
2010	0.005689900426742532
2011	0.004551920341394026
2012	0.0019914651493598864
1620	0.0019914651493598864
2013	0.0034139402560455197
883	0.015647226173541966
2014	0.002275960170697013
2015	0.005405405405405406
2016	0.002275960170697013
837	0.007112375533428166
2017	0.0017069701280227599
2018	0.0005689900426742532
2019	0.003982930298719773
280	0.016500711237553343
1176	0.0025604551920341396
2020	0.0034139402560455197
1413	0.0019914651493598864
2021	0.0025604551920341396
2022	0.011095305832147939
2023	0.0031294452347083927
2024	0.007681365576102419
2025	0.005974395448079659
2026	0.005405405405405406
2027	0.004267425320056899
2028	0.0005689900426742532
2029	0.0005689900426742532
2030	0.009672830725462305
2031	0.005405405405405406
2032	0.0034139402560455197
1364	0.0031294452347083927
876	0.01934566145092461
2033	0.013371266002844951
1481	0.0002844950213371266
2034	0.002844950213371266
2035	0.011095305832147939
279	0.001422475106685633
11	0.01593172119487909
2036	0.0005689900426742532
2037	0.003982930298719773
232	0.002844950213371266
2038	0.001422475106685633
2039	0.001422475106685633
2040	0.005405405405405406
2041	0.0036984352773826463
2042	0.0025604551920341396
2043	0.0073968705547652926
2044	0.003982930298719773
1343	0.0005689900426742532
2045	0.005689900426742532
2046	0.0019914651493598864
2047	0.0025604551920341396
2048	0.0031294452347083927
2049	0.0008534850640113799
2050	0.0008534850640113799
2051	0.004267425320056899
2052	0.0031294452347083927
2053	0.02019914651493599
2054	0.0031294452347083927
2055	0.007112375533428166
402	0.011948790896159318
2056	0.0031294452347083927
1426	0.022475106685633003
2057	0.0011379800853485065
2058	0.0034139402560455197
96	0.006827880512091039
2059	0.011664295874822192
2060	0.003982930298719773
776	0.001422475106685633
2061	0.010810810810810811
2062	0.013655761024182079
421	0.0008534850640113799
2063	0.007681365576102419
987	0.016785206258890472
2064	0.005120910384068279
2065	0.002844950213371266
2066	0.0005689900426742532
2067	0.002275960170697013
1015	0.0017069701280227599
2068	0.0011379800853485065
2069	0.0011379800853485065
2070	0.0019914651493598864
2071	0.003982930298719773
2072	0.010241820768136558
2073	0.002275960170697013
2074	0.001422475106685633
1266	0.002275960170697013
2075	0.004267425320056899
2076	0.006827880512091039
2077	0.0008534850640113799
2078	0.0011379800853485065
2079	0.001422475106685633
2080	0.002844950213371266
2081	0.0005689900426742532
2082	0.0036984352773826463
2083	0.0005689900426742532
57	0.011664295874822192
2084	0.0036984352773826463
2085	0.007681365576102419
2086	0.003982930298719773
2087	0.003982930298719773
2088	0.0031294452347083927
2089	0.003982930298719773
2090	0.0073968705547652926
2091	0.011948790896159318
2092	0.0019914651493598864
969	0.0017069701280227599
2093	0.005120910384068279
2094	0.007965860597439546
2095	0.0011379800853485065
337	0.012802275960170698
758	0.0025604551920341396
2096	0.001422475106685633
2097	0.004267425320056899
2098	0.0031294452347083927
2099	0.007965860597439546
2100	0.005405405405405406
2101	0.0011379800853485065
2102	0.004551920341394026
2103	0.0073968705547652926
2104	0.002275960170697013
2105	0.0019914651493598864
2106	0.0019914651493598864
2107	0.0008534850640113799
2108	0.0005689900426742532
2109	0.006827880512091039
121	0.0017069701280227599
2110	0.0036984352773826463
2111	0.005405405405405406
2112	0.0034139402560455197
2113	0.006543385490753912
120	0.043527738264580375
2114	0.0002844950213371266
2115	0.010241820768136558
2116	0.02361308677098151
1274	0.001422475106685633
2117	0.006258890469416785
2118	0.003982930298719773
2119	0.006258890469416785
2120	0.0031294452347083927
1350	0.0017069701280227599
2121	0.004267425320056899
2122	0.0034139402560455197
1178	0.00938833570412518
2123	0.0011379800853485065
152	0.001422475106685633
2124	0.0019914651493598864
2125	0.004267425320056899
672	0.0073968705547652926
2126	0.0019914651493598864
844	0.008819345661450925
2127	0.0031294452347083927
2128	0.0031294452347083927
2129	0.005689900426742532
2130	0.0002844950213371266
2131	0.005689900426742532
2132	0.007681365576102419
2133	0.02930298719772404
2134	0.007112375533428166
2135	0.007681365576102419
852	0.0019914651493598864
2136	0.002275960170697013
2137	0.0008534850640113799
2138	0.005120910384068279
1331	0.0011379800853485065
2139	0.0034139402560455197
2140	0.003982930298719773
542	0.001422475106685633
2141	0.005405405405405406
2142	0.002844950213371266
930	0.021621621621621623
904	0.002275960170697013
2143	0.022190611664295878
2144	0.0034139402560455197
658	0.003982930298719773
2145	0.003982930298719773
2146	0.011664295874822192
2147	0.001422475106685633
2148	0.002844950213371266
2149	0.005120910384068279
2150	0.0031294452347083927
2151	0.0031294452347083927
1433	0.0008534850640113799
2152	0.002275960170697013
2153	0.007112375533428166
2154	0.0008534850640113799
1437	0.0017069701280227599
2155	0.004267425320056899
2156	0.0005689900426742532
1039	0.003982930298719773
2157	0.011379800853485065
2158	0.006827880512091039
123	0.0031294452347083927
2159	0.0017069701280227599
2160	0.0008534850640113799
2161	0.004551920341394026
22	0.0034139402560455197
2162	0.011095305832147939
2163	0.0011379800853485065
2164	0.0019914651493598864
2165	0.005689900426742532
2166	0.010241820768136558
2167	0.002275960170697013
2168	0.001422475106685633
2169	0.0008534850640113799
2170	0.0005689900426742532
2171	0.002844950213371266
2172	0.002275960170697013
2173	0.0008534850640113799
1079	0.0019914651493598864
2174	0.0008534850640113799
2175	0.0036984352773826463
2176	0.002275960170697013
2177	0.0017069701280227599
2178	0.016785206258890472
2179	0.0036984352773826463
2180	0.005120910384068279
2181	0.002275960170697013
2182	0.0008534850640113799
2183	0.001422475106685633
2184	0.0008534850640113799
281	0.0017069701280227599
1780	0.0017069701280227599
2185	0.005689900426742532
2186	0.002844950213371266
2187	0.003982930298719773
785	0.011664295874822192
2188	0.0019914651493598864
2189	0.0031294452347083927
2190	0.003982930298719773
2191	0.0025604551920341396
2192	0.002275960170697013
1124	0.015647226173541966
2193	0.0025604551920341396
40	0.013371266002844951
2194	0.0073968705547652926
2195	0.0031294452347083927
2196	0.004267425320056899
2197	0.007681365576102419
2198	0.001422475106685633
2199	0.001422475106685633
2200	0.0011379800853485065
2201	0.0048364153627311526
2202	0.0011379800853485065
2203	0.0034139402560455197
2204	0.0017069701280227599
2205	0.0019914651493598864
2206	0.0017069701280227599
2207	0.002275960170697013
2208	0.0011379800853485065
1154	0.0005689900426742532
2209	0.0031294452347083927
2210	0.004267425320056899
2211	0.0034139402560455197
2212	0.0019914651493598864
2213	0.024751066856330016
2214	0.008819345661450925
2215	0.007112375533428166
2216	0.001422475106685633
124	0.02702702702702703
2217	0.005974395448079659
2218	0.0034139402560455197
1549	0.006543385490753912
2219	0.01507823613086771
2220	0.0025604551920341396
652	0.006543385490753912
805	0.002275960170697013
2221	0.03726884779516359
2222	0.0036984352773826463
2223	0.002844950213371266
210	0.009672830725462305
2224	0.005405405405405406
2225	0.0034139402560455197
2226	0.002844950213371266
2227	0.01934566145092461
2228	0.004267425320056899
2229	0.0019914651493598864
2230	0.0008534850640113799
2231	0.019630156472261736
2232	0.0017069701280227599
2233	0.006258890469416785
1679	0.027311522048364158
665	0.011664295874822192
2234	0.0025604551920341396
2235	0.0048364153627311526
41	0.0025604551920341396
2236	0.004267425320056899
2237	0.001422475106685633
2238	0.0011379800853485065
2239	0.005120910384068279
2240	0.0048364153627311526
2241	0.020483641536273117
2242	0.0019914651493598864
2243	0.0034139402560455197
2244	0.0031294452347083927
2245	0.0034139402560455197
2246	0.007681365576102419
2247	0.0048364153627311526
2248	0.005689900426742532
2249	0.007112375533428166
2250	0.0011379800853485065
2251	0.002275960170697013
2252	0.0034139402560455197
435	0.0395448079658606
2253	0.003982930298719773
2254	0.0019914651493598864
2255	0.0031294452347083927
2256	0.002275960170697013
2257	0.0025604551920341396
2258	0.003982930298719773
2259	0.005405405405405406
2260	0.0008534850640113799
2261	0.001422475106685633
2262	0.0025604551920341396
2263	0.003982930298719773
2264	0.007965860597439546
763	0.011379800853485065
964	0.0011379800853485065
2265	0.0025604551920341396
2266	0.002844950213371266
2267	0.0034139402560455197
2268	0.009103840682788052
308	0.02190611664295875
2269	0.002275960170697013
2270	0.004267425320056899
2271	0.0025604551920341396
2272	0.0073968705547652926
2273	0.004267425320056899
1800	0.0019914651493598864
2274	0.006258890469416785
2275	0.008250355618776671
2276	0.005405405405405406
2277	0.001422475106685633
2278	0.0011379800853485065
2279	0.011664295874822192
2280	0.0034139402560455197
2281	0.003982930298719773
2282	0.0025604551920341396
846	0.0011379800853485065
2283	0.004267425320056899
2284	0.004551920341394026
2285	0.0025604551920341396
2286	0.003982930298719773
2287	0.0034139402560455197
2288	0.006827880512091039
2289	0.008250355618776671
2290	0.009957325746799433
2291	0.0025604551920341396
2292	0.0017069701280227599
2293	0.0019914651493598864
2294	0.0048364153627311526
2295	0.002844950213371266
2296	0.008250355618776671
2297	0.013940256045519205
2298	0.005405405405405406
364	0.0005689900426742532
2299	0.0017069701280227599
2300	0.002275960170697013
2301	0.004551920341394026
2302	0.0017069701280227599
2303	0.0019914651493598864
43	0.013086770981507824
2304	0.0025604551920341396
222	0.012233285917496445
790	0.012233285917496445
2305	0.0073968705547652926
2306	0.005689900426742532
2307	0.002844950213371266
2308	0.0002844950213371266
2309	0.0005689900426742532
2310	0.002275960170697013
605	0.007681365576102419
2311	0.0034139402560455197
20	0.007965860597439546
2312	0.004551920341394026
328	0.0011379800853485065
2313	0.0073968705547652926
2314	0.002275960170697013
2315	0.004551920341394026
2316	0.005405405405405406
2317	0.001422475106685633
47	0.00938833570412518
2318	0.0011379800853485065
2319	0.004267425320056899
2320	0.008534850640113799
2321	0.005120910384068279
2322	0.0036984352773826463
2323	0.0034139402560455197
2324	0.0034139402560455197
2325	0.0019914651493598864
1464	0.0011379800853485065
2326	0.0008534850640113799
2327	0.0011379800853485065
2328	0.0036984352773826463
933	0.006827880512091039
49	0.002275960170697013
2329	0.002844950213371266
2330	0.005974395448079659
2331	0.001422475106685633
2332	0.001422475106685633
2333	0.0025604551920341396
471	0.0005689900426742532
2334	0.004267425320056899
2335	0.008534850640113799
2336	0.0008534850640113799
178	0.013371266002844951
2337	0.002844950213371266
2338	0.011379800853485065
2339	0.0073968705547652926
2340	0.0017069701280227599
2341	0.004551920341394026
2342	0.005405405405405406
2343	0.0048364153627311526
2344	0.014224751066856332
2345	0.005120910384068279
2346	0.004551920341394026
1008	0.007681365576102419
2347	0.0034139402560455197
1700	0.003982930298719773
2348	0.004551920341394026
2349	0.0019914651493598864
2350	0.0008534850640113799
610	0.005120910384068279
2351	0.005974395448079659
2352	0.0005689900426742532
2353	0.0002844950213371266
2354	0.011948790896159318
2355	0.0019914651493598864
2356	0.004551920341394026
2357	0.0011379800853485065
1174	0.004267425320056899
2358	0.005120910384068279
2359	0.002844950213371266
2360	0.0008534850640113799
2361	0.0008534850640113799
2362	0.005974395448079659
2363	0.0017069701280227599
2364	0.007965860597439546
1013	0.0005689900426742532
2365	0.0011379800853485065
2366	0.0019914651493598864
2367	0.005405405405405406
1507	0.004551920341394026
2368	0.005689900426742532
2369	0.002275960170697013
2370	0.006827880512091039
2371	0.005405405405405406
2372	0.005120910384068279
2373	0.004551920341394026
2374	0.0036984352773826463
2375	0.004551920341394026
512	0.0008534850640113799
2376	0.0019914651493598864
2377	0.006827880512091039
2378	0.016500711237553343
2379	0.006543385490753912
899	0.0005689900426742532
2380	0.007681365576102419
705	0.004551920341394026
2381	0.0031294452347083927
2382	0.001422475106685633
2383	0.004551920341394026
2384	0.0025604551920341396
2385	0.0002844950213371266
558	0.0011379800853485065
2386	0.0034139402560455197
2387	0.009103840682788052
2388	0.004551920341394026
2389	0.0019914651493598864
2390	0.0002844950213371266
2391	0.0002844950213371266
2392	0.0031294452347083927
2393	0.005689900426742532
397	0.002275960170697013
2394	0.006543385490753912
2395	0.0034139402560455197
2396	0.002275960170697013
2397	0.0017069701280227599
2398	0.0017069701280227599
2399	0.001422475106685633
2400	0.004267425320056899
584	0.0025604551920341396
2401	0.006827880512091039
2402	0.0008534850640113799
2403	0.002275960170697013
878	0.0019914651493598864
2404	0.010241820768136558
1030	0.008250355618776671
1749	0.009103840682788052
2405	0.0034139402560455197
2406	0.0034139402560455197
2407	0.0008534850640113799
2408	0.005120910384068279
2409	0.005689900426742532
2410	0.008250355618776671
1743	0.0008534850640113799
2411	0.0031294452347083927
838	0.0017069701280227599
2412	0.0002844950213371266
248	0.0036984352773826463
2413	0.005120910384068279
1261	0.007681365576102419
2414	0.006258890469416785
2415	0.004551920341394026
2416	0.002844950213371266
2417	0.012233285917496445
2418	0.013371266002844951
2419	0.005120910384068279
2420	0.0036984352773826463
2421	0.005120910384068279
2422	0.0011379800853485065
2423	0.0008534850640113799
2424	0.0019914651493598864
1806	0.0008534850640113799
2425	0.002275960170697013
2426	0.0031294452347083927
993	0.001422475106685633
2427	0.004267425320056899
2428	0.005689900426742532
2429	0.005120910384068279
2430	0.001422475106685633
2431	0.002844950213371266
2432	0.009103840682788052
2433	0.004267425320056899
407	0.0036984352773826463
2434	0.0011379800853485065
2435	0.003982930298719773
2436	0.001422475106685633
2437	0.0011379800853485065
2438	0.005974395448079659
2439	0.002275960170697013
227	0.0011379800853485065
2440	0.0034139402560455197
2441	0.0031294452347083927
2442	0.010241820768136558
2443	0.0073968705547652926
2444	0.0019914651493598864
2445	0.005120910384068279
2446	0.014793741109530585
2447	0.006543385490753912
1452	0.0008534850640113799
2448	0.0008534850640113799
2449	0.00938833570412518
2450	0.0036984352773826463
2451	0.0008534850640113799
285	0.0005689900426742532
2452	0.004267425320056899
2453	0.0025604551920341396
2454	0.01593172119487909
2455	0.0073968705547652926
184	0.0017069701280227599
2456	0.017354196301564723
2457	0.0036984352773826463
1085	0.001422475106685633
2458	0.0034139402560455197
2459	0.005405405405405406
2460	0.0031294452347083927
2461	0.019914651493598865
2462	0.0034139402560455197
2463	0.0025604551920341396
2464	0.005689900426742532
2465	0.0008534850640113799
2466	0.0034139402560455197
2467	0.0005689900426742532
2468	0.001422475106685633
2469	0.0008534850640113799
454	0.0019914651493598864
2470	0.0025604551920341396
2471	0.003982930298719773
191	0.01593172119487909
2472	0.002275960170697013
2473	0.0017069701280227599
2474	0.0036984352773826463
2475	0.0011379800853485065
2476	0.006827880512091039
2477	0.0034139402560455197
2478	0.002275960170697013
2479	0.005405405405405406
2480	0.0008534850640113799
2481	0.004267425320056899
2482	0.003982930298719773
601	0.0036984352773826463
2483	0.0036984352773826463
2484	0.0025604551920341396
2485	0.002844950213371266
2486	0.0025604551920341396
2487	0.001422475106685633
2488	0.0025604551920341396
2489	0.001422475106685633
2490	0.0036984352773826463
2491	0.004551920341394026
2492	0.0002844950213371266
2493	0.0017069701280227599
2494	0.003982930298719773
2495	0.0025604551920341396
2496	0.0005689900426742532
2497	0.007112375533428166
2498	0.004551920341394026
1287	0.0008534850640113799
2499	0.001422475106685633
2500	0.01877667140825036
2501	0.0017069701280227599
266	0.011948790896159318
2502	0.0005689900426742532
2503	0.0048364153627311526
783	0.001422475106685633
2504	0.0011379800853485065
2505	0.0017069701280227599
2506	0.0005689900426742532
2507	0.0031294452347083927
2508	0.003982930298719773
2509	0.0025604551920341396
2510	0.0048364153627311526
2511	0.002275960170697013
2512	0.005120910384068279
2513	0.002275960170697013
2514	0.0008534850640113799
2515	0.006258890469416785
2516	0.003982930298719773
2517	0.002275960170697013
2518	0.002275960170697013
2519	0.003982930298719773
2520	0.0017069701280227599
331	0.0008534850640113799
2521	0.0034139402560455197
1662	0.0011379800853485065
670	0.002844950213371266
2522	0.005405405405405406
2523	0.0025604551920341396
2524	0.008534850640113799
2525	0.0036984352773826463
2526	0.006827880512091039
2527	0.0011379800853485065
2528	0.0017069701280227599
2529	0.0005689900426742532
2530	0.0011379800853485065
2531	0.001422475106685633
2532	0.0019914651493598864
2533	0.006543385490753912
2534	0.0008534850640113799
371	0.02702702702702703
2535	0.008534850640113799
2536	0.008534850640113799
2537	0.009672830725462305
2538	0.0008534850640113799
2539	0.004551920341394026
2540	0.006827880512091039
2541	0.005405405405405406
2542	0.0073968705547652926
2543	0.002844950213371266
1293	0.011095305832147939
1286	0.010810810810810811
2544	0.002275960170697013
2545	0.0019914651493598864
254	0.006827880512091039
2546	0.003982930298719773
321	0.0017069701280227599
2547	0.003982930298719773
2548	0.009957325746799433
521	0.007965860597439546
2549	0.0017069701280227599
2550	0.001422475106685633
223	0.003982930298719773
2551	0.005974395448079659
440	0.007681365576102419
2552	0.0036984352773826463
2553	0.003982930298719773
2554	0.0036984352773826463
2555	0.002275960170697013
2556	0.0002844950213371266
2557	0.0002844950213371266
2558	0.006827880512091039
2559	0.0025604551920341396
2560	0.0008534850640113799
2561	0.0025604551920341396
2562	0.001422475106685633
2563	0.0031294452347083927
2564	0.0034139402560455197
2565	0.003982930298719773
2566	0.001422475106685633
2567	0.0019914651493598864
1080	0.002275960170697013
2568	0.0008534850640113799
2569	0.002275960170697013
2570	0.0011379800853485065
2571	0.0019914651493598864
2572	0.0031294452347083927
2573	0.004551920341394026
2574	0.0025604551920341396
2575	0.0025604551920341396
2576	0.0031294452347083927
2577	0.0031294452347083927
2578	0.006543385490753912
2579	0.001422475106685633
2580	0.0025604551920341396
2581	0.0034139402560455197
2582	0.002275960170697013
2583	0.0002844950213371266
2584	0.006543385490753912
2585	0.002275960170697013
2586	0.002275960170697013
2587	0.0031294452347083927
2588	0.0017069701280227599
2589	0.0005689900426742532
2590	0.01877667140825036
241	0.0005689900426742532
2591	0.002844950213371266
2592	0.004551920341394026
2593	0.0034139402560455197
2594	0.005405405405405406
2595	0.009672830725462305
2596	0.003982930298719773
2597	0.004551920341394026
2598	0.002844950213371266
2599	0.0025604551920341396
2600	0.004267425320056899
2601	0.0031294452347083927
2602	0.0017069701280227599
2603	0.0031294452347083927
2604	0.008250355618776671
2605	0.0019914651493598864
2606	0.0019914651493598864
2607	0.005689900426742532
163	0.013655761024182079
2608	0.002844950213371266
2609	0.0034139402560455197
2610	0.001422475106685633
1811	0.003982930298719773
2611	0.0036984352773826463
2612	0.0034139402560455197
2613	0.002275960170697013
2614	0.0008534850640113799
2615	0.006543385490753912
110	0.02275960170697013
2616	0.0073968705547652926
2617	0.0031294452347083927
2618	0.005405405405405406
2619	0.0034139402560455197
2620	0.005120910384068279
2621	0.0031294452347083927
2622	0.002844950213371266
2623	0.0011379800853485065
2624	0.005974395448079659
888	0.0036984352773826463
2625	0.0036984352773826463
424	0.002275960170697013
2626	0.0017069701280227599
2627	0.001422475106685633
2628	0.002275960170697013
2629	0.0019914651493598864
578	0.002844950213371266
2630	0.002844950213371266
2631	0.002844950213371266
2632	0.001422475106685633
2633	0.005974395448079659
2634	0.003982930298719773
1697	0.0031294452347083927
2635	0.0011379800853485065
530	0.0031294452347083927
2636	0.0036984352773826463
302	0.004551920341394026
2637	0.0025604551920341396
2638	0.002275960170697013
693	0.002844950213371266
2639	0.0019914651493598864
2640	0.0034139402560455197
2641	0.003982930298719773
1415	0.005689900426742532
2642	0.007112375533428166
2643	0.0073968705547652926
1219	0.013371266002844951
2644	0.0031294452347083927
2645	0.009103840682788052
2646	0.0031294452347083927
2647	0.001422475106685633
2648	0.0011379800853485065
2649	0.0008534850640113799
2650	0.0019914651493598864
2651	0.001422475106685633
2652	0.007965860597439546
2653	0.003982930298719773
755	0.0031294452347083927
2654	0.004267425320056899
2655	0.0017069701280227599
2656	0.0017069701280227599
2657	0.012233285917496445
2658	0.0048364153627311526
2659	0.0031294452347083927
2660	0.003982930298719773
2661	0.002275960170697013
2662	0.004267425320056899
962	0.0025604551920341396
2663	0.0034139402560455197
2664	0.0036984352773826463
2665	0.002844950213371266
2666	0.008819345661450925
2667	0.0019914651493598864
2668	0.0017069701280227599
2669	0.006258890469416785
2670	0.0019914651493598864
2671	0.005120910384068279
2672	0.003982930298719773
2673	0.0034139402560455197
2674	0.002844950213371266
2675	0.0025604551920341396
2676	0.0048364153627311526
2677	0.0036984352773826463
2678	0.0017069701280227599
822	0.001422475106685633
2679	0.010241820768136558
2680	0.0048364153627311526
2681	0.0011379800853485065
395	0.005689900426742532
139	0.0011379800853485065
2682	0.005689900426742532
2683	0.007681365576102419
2684	0.0002844950213371266
2685	0.0011379800853485065
2686	0.02446657183499289
2687	0.0073968705547652926
797	0.013371266002844951
2688	0.0017069701280227599
343	0.012802275960170698
2689	0.0005689900426742532
2690	0.007112375533428166
2691	0.002844950213371266
2692	0.011948790896159318
1439	0.0036984352773826463
2693	0.0008534850640113799
2694	0.0005689900426742532
2695	0.001422475106685633
2696	0.002275960170697013
2697	0.002844950213371266
2698	0.0017069701280227599
2699	0.0005689900426742532
2700	0.004267425320056899
2701	0.001422475106685633
2702	0.002275960170697013
2703	0.0019914651493598864
212	0.002275960170697013
362	0.002275960170697013
2704	0.003982930298719773
759	0.0017069701280227599
2705	0.0011379800853485065
2706	0.0008534850640113799
2707	0.011664295874822192
2708	0.0019914651493598864
31	0.02304409672830726
2709	0.0011379800853485065
1183	0.0011379800853485065
2710	0.0036984352773826463
2711	0.0019914651493598864
2712	0.00938833570412518
2713	0.0048364153627311526
2714	0.002275960170697013
480	0.017354196301564723
2715	0.0036984352773826463
2716	0.011948790896159318
2717	0.002275960170697013
2718	0.0031294452347083927
2719	0.005405405405405406
1198	0.013371266002844951
2720	0.0005689900426742532
2721	0.0031294452347083927
811	0.003982930298719773
2722	0.0048364153627311526
2723	0.0036984352773826463
2724	0.0034139402560455197
2725	0.004551920341394026
2726	0.005120910384068279
2727	0.008534850640113799
2728	0.001422475106685633
2729	0.005689900426742532
2730	0.0008534850640113799
2731	0.0011379800853485065
2732	0.010810810810810811
1579	0.0008534850640113799
2733	0.021337126600284497
2734	0.0005689900426742532
2735	0.0008534850640113799
2736	0.0036984352773826463
2737	0.005974395448079659
1127	0.002275960170697013
2738	0.0073968705547652926
2739	0.0036984352773826463
2740	0.002844950213371266
2741	0.003982930298719773
1125	0.0011379800853485065
651	0.0025604551920341396
2742	0.002844950213371266
2743	0.004551920341394026
1518	0.02019914651493599
2744	0.002275960170697013
1284	0.0008534850640113799
2745	0.0002844950213371266
942	0.0019914651493598864
2746	0.0017069701280227599
1175	0.0008534850640113799
2747	0.0019914651493598864
2748	0.0031294452347083927
2749	0.0008534850640113799
2750	0.002275960170697013
1510	0.0005689900426742532
2751	0.004267425320056899
2752	0.005689900426742532
214	0.009103840682788052
2753	0.004551920341394026
277	0.013940256045519205
2754	0.0034139402560455197
2755	0.005405405405405406
2756	0.002844950213371266
2757	0.0019914651493598864
2758	0.0008534850640113799
2759	0.0002844950213371266
2760	0.0005689900426742532
2761	0.0008534850640113799
2762	0.0008534850640113799
2763	0.005974395448079659
1171	0.0019914651493598864
2764	0.0017069701280227599
2765	0.0034139402560455197
1031	0.0034139402560455197
2766	0.0034139402560455197
2767	0.0008534850640113799
2768	0.007965860597439546
2769	0.006543385490753912
2770	0.0005689900426742532
74	0.0019914651493598864
2771	0.009103840682788052
2772	0.0005689900426742532
2773	0.002275960170697013
2774	0.004551920341394026
2775	0.0034139402560455197
2776	0.0025604551920341396
2777	0.002275960170697013
2778	0.0019914651493598864
2779	0.0008534850640113799
2780	0.005120910384068279
315	0.010526315789473686
2781	0.0025604551920341396
2782	0.0019914651493598864
2783	0.0017069701280227599
2784	0.004551920341394026
2785	0.0005689900426742532
2786	0.0011379800853485065
2787	0.0017069701280227599
2788	0.0031294452347083927
2789	0.006258890469416785
2790	0.0011379800853485065
2791	0.0005689900426742532
2792	0.0048364153627311526
2793	0.007681365576102419
2794	0.005120910384068279
2795	0.0034139402560455197
2796	0.0002844950213371266
2797	0.0031294452347083927
2798	0.0017069701280227599
2799	0.001422475106685633
2800	0.0034139402560455197
2801	0.0025604551920341396
554	0.009957325746799433
2802	0.002844950213371266
2803	0.0048364153627311526
2804	0.007112375533428166
2805	0.0025604551920341396
2806	0.003982930298719773
2807	0.008250355618776671
2808	0.0008534850640113799
2809	0.002275960170697013
2810	0.0025604551920341396
2811	0.001422475106685633
2812	0.004267425320056899
2813	0.005974395448079659
547	0.0008534850640113799
2814	0.0008534850640113799
2815	0.002275960170697013
2816	0.001422475106685633
571	0.0019914651493598864
2817	0.0025604551920341396
175	0.00938833570412518
2818	0.005974395448079659
1542	0.005405405405405406
2819	0.005974395448079659
2820	0.0031294452347083927
2821	0.005974395448079659
490	0.023328591749644384
2822	0.0002844950213371266
2823	0.005120910384068279
2824	0.002844950213371266
2825	0.005689900426742532
2826	0.013086770981507824
2827	0.001422475106685633
2828	0.0073968705547652926
2829	0.0025604551920341396
616	0.011095305832147939
2830	0.002844950213371266
2831	0.004551920341394026
2832	0.0019914651493598864
2833	0.0034139402560455197
2834	0.005120910384068279
2835	0.0034139402560455197
2836	0.0017069701280227599
1775	0.002844950213371266
2837	0.0025604551920341396
2838	0.0008534850640113799
2839	0.0019914651493598864
2840	0.0019914651493598864
2841	0.006258890469416785
2842	0.0036984352773826463
2843	0.0008534850640113799
2844	0.003982930298719773
2845	0.0005689900426742532
862	0.002844950213371266
2846	0.0025604551920341396
2847	0.0005689900426742532
2848	0.006258890469416785
2849	0.0008534850640113799
2850	0.001422475106685633
1004	0.0005689900426742532
1089	0.0008534850640113799
2851	0.0008534850640113799
2852	0.0017069701280227599
2853	0.003982930298719773
2854	0.0036984352773826463
2855	0.006258890469416785
2856	0.013371266002844951
2857	0.0048364153627311526
2858	0.0019914651493598864
2859	0.006827880512091039
2860	0.006258890469416785
1062	0.0025604551920341396
2861	0.002844950213371266
2862	0.005405405405405406
2863	0.004551920341394026
2864	0.004267425320056899
102	0.021621621621621623
2865	0.0048364153627311526
2866	0.005405405405405406
2867	0.0031294452347083927
2868	0.002275960170697013
2869	0.002275960170697013
2870	0.005405405405405406
2871	0.0034139402560455197
2872	0.002275960170697013
479	0.002275960170697013
2873	0.008250355618776671
2874	0.002275960170697013
1366	0.001422475106685633
2875	0.0031294452347083927
2876	0.0019914651493598864
2877	0.0048364153627311526
2878	0.003982930298719773
2879	0.002275960170697013
2880	0.0031294452347083927
2881	0.0019914651493598864
2882	0.005405405405405406
2883	0.0034139402560455197
2884	0.0017069701280227599
2885	0.024751066856330016
2886	0.0011379800853485065
2887	0.0031294452347083927
2888	0.001422475106685633
2889	0.0005689900426742532
2890	0.0036984352773826463
2891	0.0031294452347083927
2892	0.002844950213371266
2893	0.0025604551920341396
2894	0.0017069701280227599
992	0.019061166429587485
2895	0.004551920341394026
2896	0.002275960170697013
2897	0.0048364153627311526
2898	0.004267425320056899
2899	0.001422475106685633
1538	0.0005689900426742532
2900	0.012802275960170698
2901	0.0017069701280227599
2902	0.0073968705547652926
2903	0.0036984352773826463
2904	0.003982930298719773
1781	0.0008534850640113799
1050	0.002275960170697013
2905	0.002275960170697013
2906	0.0017069701280227599
723	0.0011379800853485065
2907	0.001422475106685633
2908	0.003982930298719773
2909	0.007112375533428166
2910	0.008819345661450925
2911	0.0005689900426742532
1022	0.0008534850640113799
2912	0.0034139402560455197
2913	0.0048364153627311526
2914	0.005974395448079659
2915	0.005689900426742532
2916	0.005405405405405406
2917	0.002844950213371266
2918	0.0034139402560455197
2919	0.007112375533428166
2920	0.0025604551920341396
2921	0.0008534850640113799
2922	0.0011379800853485065
2923	0.001422475106685633
2924	0.0019914651493598864
2925	0.0011379800853485065
2926	0.0019914651493598864
2927	0.0011379800853485065
2928	0.0034139402560455197
2929	0.0036984352773826463
2930	0.002275960170697013
2931	0.002844950213371266
2932	0.0031294452347083927
2933	0.0011379800853485065
2934	0.002275960170697013
2935	0.0036984352773826463
2936	0.002844950213371266
2937	0.0008534850640113799
939	0.002275960170697013
2938	0.002275960170697013
2939	0.008534850640113799
495	0.0008534850640113799
2940	0.0005689900426742532
2941	0.0008534850640113799
2942	0.0017069701280227599
2943	0.0008534850640113799
2944	0.008819345661450925
2945	0.0034139402560455197
2946	0.005120910384068279
589	0.001422475106685633
2947	0.010810810810810811
2948	0.0025604551920341396
2949	0.0017069701280227599
2950	0.004267425320056899
417	0.0031294452347083927
2951	0.0017069701280227599
2952	0.0008534850640113799
1485	0.0011379800853485065
2953	0.007965860597439546
2954	0.0005689900426742532
2955	0.005974395448079659
956	0.003982930298719773
17	0.01593172119487909
2956	0.002844950213371266
2957	0.008534850640113799
2958	0.0019914651493598864
2959	0.006258890469416785
1312	0.009957325746799433
2960	0.0019914651493598864
2961	0.0036984352773826463
1123	0.0031294452347083927
2962	0.012802275960170698
226	0.006258890469416785
2963	0.0005689900426742532
2964	0.001422475106685633
2965	0.0034139402560455197
127	0.005120910384068279
2966	0.0031294452347083927
2967	0.004551920341394026
2968	0.0019914651493598864
2969	0.002275960170697013
1081	0.004267425320056899
2970	0.0025604551920341396
2971	0.0031294452347083927
2972	0.0025604551920341396
2973	0.002275960170697013
34	0.005974395448079659
2974	0.0011379800853485065
2975	0.0011379800853485065
2976	0.0019914651493598864
2977	0.001422475106685633
2978	0.0036984352773826463
98	0.019061166429587485
2979	0.0036984352773826463
2980	0.003982930298719773
2981	0.0011379800853485065
2982	0.0019914651493598864
2983	0.0034139402560455197
2984	0.0031294452347083927
609	0.003982930298719773
2985	0.0034139402560455197
2986	0.0034139402560455197
312	0.0008534850640113799
2987	0.002275960170697013
2988	0.0011379800853485065
2989	0.0031294452347083927
2990	0.004551920341394026
2991	0.01251778093883357
138	0.0005689900426742532
2992	0.006543385490753912
2993	0.005689900426742532
2994	0.006543385490753912
2995	0.003982930298719773
2996	0.006543385490753912
2997	0.005974395448079659
342	0.013655761024182079
1038	0.003982930298719773
2998	0.005974395448079659
2999	0.002844950213371266
3000	0.004551920341394026
3001	0.002844950213371266
3002	0.002275960170697013
3003	0.0073968705547652926
3004	0.0031294452347083927
3005	0.0073968705547652926
3006	0.004551920341394026
3007	0.0019914651493598864
980	0.002844950213371266
3008	0.0048364153627311526
3009	0.003982930298719773
3010	0.0017069701280227599
3011	0.008250355618776671
3012	0.002844950213371266
3013	0.0011379800853485065
3014	0.0011379800853485065
3015	0.004551920341394026
3016	0.0011379800853485065
3017	0.0034139402560455197
3018	0.0005689900426742532
3019	0.001422475106685633
3020	0.008819345661450925
3021	0.0019914651493598864
3022	0.001422475106685633
3023	0.0025604551920341396
3024	0.0002844950213371266
3025	0.006827880512091039
3026	0.0025604551920341396
534	0.0005689900426742532
3027	0.0034139402560455197
3028	0.0005689900426742532
3029	0.0011379800853485065
3030	0.007681365576102419
3031	0.002275960170697013
3032	0.0002844950213371266
3033	0.004267425320056899
606	0.0019914651493598864
3034	0.0017069701280227599
3035	0.0031294452347083927
3036	0.004551920341394026
3037	0.021621621621621623
3038	0.005974395448079659
3039	0.030725462304409677
3040	0.0034139402560455197
3041	0.0017069701280227599
3042	0.0048364153627311526
3043	0.0019914651493598864
3044	0.0017069701280227599
3045	0.002844950213371266
3046	0.0008534850640113799
3047	0.007965860597439546
3048	0.005974395448079659
3049	0.0017069701280227599
3050	0.012802275960170698
1636	0.0019914651493598864
3051	0.004267425320056899
3052	0.0011379800853485065
3053	0.0008534850640113799
3054	0.006827880512091039
3055	0.0002844950213371266
3056	0.004267425320056899
3057	0.0008534850640113799
3058	0.0048364153627311526
1028	0.0011379800853485065
3059	0.002275960170697013
3060	0.0025604551920341396
3061	0.009672830725462305
3062	0.003982930298719773
3063	0.0073968705547652926
1385	0.003982930298719773
3064	0.002844950213371266
3065	0.002275960170697013
3066	0.0048364153627311526
1684	0.0002844950213371266
3067	0.0008534850640113799
3068	0.004267425320056899
3069	0.004267425320056899
792	0.0017069701280227599
3070	0.0036984352773826463
1608	0.002275960170697013
3071	0.0034139402560455197
3072	0.008819345661450925
455	0.012233285917496445
3073	0.0005689900426742532
3074	0.0008534850640113799
3075	0.005120910384068279
3076	0.0048364153627311526
3077	0.0019914651493598864
3078	0.0036984352773826463
572	0.004551920341394026
3079	0.005974395448079659
3080	0.004267425320056899
3081	0.0073968705547652926
3082	0.0017069701280227599
3083	0.0019914651493598864
3084	0.002844950213371266
3085	0.002844950213371266
3086	0.005689900426742532
3087	0.001422475106685633
3088	0.004551920341394026
3089	0.0002844950213371266
3090	0.0005689900426742532
3091	0.006543385490753912
3092	0.006543385490753912
3093	0.005974395448079659
3094	0.008819345661450925
3095	0.0019914651493598864
3096	0.0048364153627311526
3097	0.006258890469416785
3098	0.008819345661450925
3099	0.005120910384068279
3100	0.0036984352773826463
3101	0.0011379800853485065
3102	0.001422475106685633
3103	0.0008534850640113799
3104	0.0025604551920341396
3105	0.002275960170697013
3106	0.010526315789473686
3107	0.0017069701280227599
3108	0.0025604551920341396
3109	0.005405405405405406
3110	0.005689900426742532
3111	0.0017069701280227599
3112	0.003982930298719773
3113	0.002275960170697013
3114	0.004551920341394026
3115	0.0048364153627311526
973	0.001422475106685633
3116	0.005974395448079659
3117	0.002275960170697013
3118	0.002275960170697013
3119	0.008534850640113799
3120	0.0034139402560455197
1585	0.0005689900426742532
3121	0.014224751066856332
985	0.013371266002844951
3122	0.004551920341394026
3123	0.002275960170697013
3124	0.010810810810810811
3125	0.010241820768136558
3126	0.006543385490753912
3127	0.005974395448079659
3128	0.013086770981507824
3129	0.002275960170697013
3130	0.005689900426742532
3131	0.0019914651493598864
3132	0.007112375533428166
494	0.0008534850640113799
3133	0.007681365576102419
3134	0.0011379800853485065
3135	0.006543385490753912
3136	0.0019914651493598864
3137	0.0008534850640113799
3138	0.005120910384068279
3139	0.005689900426742532
3140	0.007112375533428166
3141	0.0011379800853485065
3142	0.0048364153627311526
3143	0.003982930298719773
3144	0.004267425320056899
3145	0.009957325746799433
3146	0.0002844950213371266
3147	0.0005689900426742532
3148	0.0073968705547652926
3149	0.006543385490753912
3150	0.0019914651493598864
827	0.0031294452347083927
3151	0.004551920341394026
3152	0.010526315789473686
3153	0.0017069701280227599
3154	0.0011379800853485065
3155	0.0019914651493598864
3156	0.005689900426742532
1280	0.0017069701280227599
3157	0.0005689900426742532
3158	0.0031294452347083927
3159	0.0011379800853485065
3160	0.0008534850640113799
225	0.004267425320056899
3161	0.002844950213371266
3162	0.0005689900426742532
368	0.004551920341394026
3163	0.004551920341394026
3164	0.0005689900426742532
3165	0.002275960170697013
3166	0.0019914651493598864
3167	0.0031294452347083927
3168	0.003982930298719773
3169	0.0019914651493598864
3170	0.0031294452347083927
3171	0.008819345661450925
3172	0.006543385490753912
1033	0.0017069701280227599
3173	0.0005689900426742532
3174	0.0011379800853485065
3175	0.0019914651493598864
3176	0.0031294452347083927
3177	0.008534850640113799
3178	0.0048364153627311526
1592	0.005689900426742532
3179	0.0036984352773826463
3180	0.004551920341394026
3181	0.006827880512091039
3182	0.0036984352773826463
3183	0.0034139402560455197
3184	0.0011379800853485065
3185	0.003982930298719773
3186	0.002275960170697013
3187	0.00938833570412518
3188	0.001422475106685633
3189	0.002275960170697013
3190	0.0011379800853485065
3191	0.0019914651493598864
3192	0.005120910384068279
3193	0.0036984352773826463
3194	0.01763869132290185
3195	0.002275960170697013
392	0.002275960170697013
3196	0.0019914651493598864
3197	0.006258890469416785
3198	0.0031294452347083927
3199	0.002275960170697013
3200	0.001422475106685633
383	0.0005689900426742532
3201	0.0036984352773826463
3202	0.003982930298719773
436	0.0025604551920341396
3203	0.0008534850640113799
3204	0.0019914651493598864
3205	0.0011379800853485065
1830	0.0002844950213371266
3206	0.0017069701280227599
1367	0.008819345661450925
3207	0.0011379800853485065
3208	0.0025604551920341396
3209	0.005689900426742532
3210	0.002275960170697013
1589	0.0008534850640113799
3211	0.002275960170697013
916	0.001422475106685633
1423	0.0017069701280227599
3212	0.005120910384068279
657	0.0034139402560455197
3213	0.009103840682788052
3214	0.0005689900426742532
3215	0.0025604551920341396
3216	0.002844950213371266
3217	0.004551920341394026
3218	0.002844950213371266
3219	0.0036984352773826463
3220	0.0036984352773826463
3221	0.0036984352773826463
737	0.0008534850640113799
3222	0.003982930298719773
3223	0.0002844950213371266
3224	0.0025604551920341396
3225	0.00938833570412518
3226	0.008250355618776671
3227	0.0048364153627311526
3228	0.005689900426742532
3229	0.001422475106685633
3230	0.013655761024182079
3231	0.0011379800853485065
3232	0.0036984352773826463
3233	0.0017069701280227599
3234	0.0025604551920341396
3235	0.0011379800853485065
3236	0.002844950213371266
3237	0.0034139402560455197
3238	0.0019914651493598864
3239	0.0031294452347083927
772	0.004551920341394026
3240	0.004267425320056899
3241	0.003982930298719773
3242	0.0073968705547652926
3243	0.0008534850640113799
3244	0.006827880512091039
3245	0.003982930298719773
3246	0.0031294452347083927
3247	0.0002844950213371266
3248	0.006827880512091039
3249	0.0025604551920341396
3250	0.0025604551920341396
3251	0.004267425320056899
3252	0.0073968705547652926
3253	0.012233285917496445
3254	0.0031294452347083927
3255	0.0011379800853485065
3256	0.0025604551920341396
3257	0.006543385490753912
3258	0.0011379800853485065
205	0.0005689900426742532
390	0.0008534850640113799
3259	0.004267425320056899
1440	0.010810810810810811
3260	0.004551920341394026
3261	0.0002844950213371266
3262	0.0031294452347083927
983	0.0017069701280227599
3263	0.0025604551920341396
3264	0.006543385490753912
3265	0.0019914651493598864
3266	0.002275960170697013
3267	0.0031294452347083927
3268	0.004551920341394026
3269	0.0031294452347083927
3270	0.0017069701280227599
3271	0.002275960170697013
118	0.004267425320056899
3272	0.0031294452347083927
622	0.0011379800853485065
3273	0.005689900426742532
3274	0.0002844950213371266
3275	0.0002844950213371266
3276	0.008819345661450925
3277	0.006543385490753912
3278	0.0019914651493598864
3279	0.002275960170697013
3280	0.002844950213371266
3281	0.011664295874822192
3282	0.0073968705547652926
3283	0.0031294452347083927
3284	0.0005689900426742532
3285	0.007965860597439546
3286	0.001422475106685633
3287	0.001422475106685633
3288	0.005405405405405406
3289	0.011664295874822192
1144	0.010810810810810811
3290	0.001422475106685633
1678	0.0008534850640113799
3291	0.002275960170697013
3292	0.0025604551920341396
3293	0.0034139402560455197
3294	0.0036984352773826463
3295	0.0011379800853485065
3296	0.0031294452347083927
3297	0.002844950213371266
3298	0.0008534850640113799
3299	0.005120910384068279
3300	0.007965860597439546
3301	0.023897581792318635
1446	0.0011379800853485065
3302	0.003982930298719773
3303	0.004551920341394026
3304	0.0008534850640113799
3305	0.004551920341394026
3306	0.003982930298719773
1797	0.0019914651493598864
3307	0.0002844950213371266
1471	0.001422475106685633
3308	0.005405405405405406
3309	0.0011379800853485065
1345	0.004551920341394026
3310	0.0025604551920341396
3311	0.0031294452347083927
3312	0.009672830725462305
3313	0.0008534850640113799
3314	0.0011379800853485065
3315	0.0034139402560455197
702	0.005405405405405406
3316	0.002844950213371266
3317	0.0008534850640113799
3318	0.007965860597439546
68	0.002275960170697013
3319	0.011948790896159318
3320	0.016216216216216217
3321	0.0019914651493598864
3322	0.0031294452347083927
3323	0.0011379800853485065
3324	0.0017069701280227599
3325	0.0019914651493598864
3326	0.004267425320056899
3327	0.011379800853485065
3328	0.001422475106685633
3329	0.0005689900426742532
3330	0.001422475106685633
3331	0.001422475106685633
3332	0.0005689900426742532
3333	0.003982930298719773
3334	0.007681365576102419
1137	0.0031294452347083927
3335	0.0036984352773826463
3336	0.0019914651493598864
3337	0.0048364153627311526
3338	0.0011379800853485065
3339	0.0025604551920341396
3340	0.0005689900426742532
990	0.0048364153627311526
3341	0.003982930298719773
3342	0.004267425320056899
3343	0.0048364153627311526
3344	0.0025604551920341396
3345	0.008534850640113799
272	0.001422475106685633
3346	0.0034139402560455197
3347	0.0073968705547652926
866	0.0019914651493598864
3348	0.004267425320056899
607	0.002275960170697013
3349	0.005974395448079659
3350	0.0017069701280227599
3351	0.002844950213371266
3352	0.005974395448079659
104	0.009672830725462305
3353	0.005120910384068279
3354	0.002844950213371266
3355	0.009957325746799433
3356	0.0031294452347083927
3357	0.005689900426742532
3358	0.01877667140825036
3359	0.007681365576102419
3360	0.004267425320056899
3361	0.0034139402560455197
3362	0.007681365576102419
3363	0.0073968705547652926
3364	0.002275960170697013
3365	0.0017069701280227599
3366	0.0017069701280227599
683	0.0008534850640113799
3367	0.0034139402560455197
3368	0.0008534850640113799
3369	0.004551920341394026
3370	0.006543385490753912
1815	0.0031294452347083927
3371	0.002844950213371266
3372	0.006543385490753912
3373	0.002275960170697013
3374	0.005405405405405406
3375	0.001422475106685633
3376	0.004267425320056899
3377	0.0031294452347083927
3378	0.009672830725462305
3379	0.004267425320056899
3380	0.006827880512091039
3381	0.0008534850640113799
1056	0.005405405405405406
3382	0.003982930298719773
3383	0.0011379800853485065
3384	0.0017069701280227599
3385	0.001422475106685633
3386	0.0011379800853485065
3387	0.001422475106685633
3388	0.0008534850640113799
3389	0.005120910384068279
3390	0.001422475106685633
3391	0.0025604551920341396
3392	0.004551920341394026
3393	0.006543385490753912
3394	0.003982930298719773
3395	0.001422475106685633
3396	0.0005689900426742532
3397	0.0002844950213371266
460	0.0017069701280227599
3398	0.005120910384068279
3399	0.0034139402560455197
3400	0.0036984352773826463
1462	0.004267425320056899
3401	0.006827880512091039
3402	0.0019914651493598864
3403	0.0031294452347083927
1537	0.002844950213371266
3404	0.009957325746799433
3405	0.0019914651493598864
3406	0.0019914651493598864
3407	0.0025604551920341396
3408	0.0031294452347083927
3409	0.010810810810810811
3410	0.004267425320056899
3411	0.002844950213371266
3412	0.0025604551920341396
3413	0.003982930298719773
3414	0.008819345661450925
3415	0.001422475106685633
3416	0.002844950213371266
3417	0.005974395448079659
3418	0.005120910384068279
3419	0.003982930298719773
327	0.005689900426742532
3420	0.004551920341394026
3421	0.005120910384068279
3422	0.0073968705547652926
3423	0.008534850640113799
3424	0.002844950213371266
3425	0.0031294452347083927
3426	0.005974395448079659
3427	0.001422475106685633
3428	0.004267425320056899
3429	0.0019914651493598864
3430	0.0019914651493598864
3431	0.0002844950213371266
3432	0.001422475106685633
3433	0.002844950213371266
3434	0.0008534850640113799
3435	0.0017069701280227599
3436	0.0002844950213371266
1264	0.009672830725462305
3437	0.0036984352773826463
3438	0.0008534850640113799
3439	0.0036984352773826463
1322	0.0019914651493598864
3440	0.002844950213371266
3441	0.002275960170697013
3442	0.005405405405405406
1828	0.002275960170697013
3443	0.001422475106685633
3444	0.002275960170697013
81	0.0011379800853485065
3445	0.002844950213371266
3446	0.0005689900426742532
3447	0.0031294452347083927
3448	0.002275960170697013
3449	0.0034139402560455197
3450	0.0011379800853485065
37	0.001422475106685633
3451	0.009957325746799433
3452	0.0036984352773826463
3453	0.004551920341394026
3454	0.0017069701280227599
3455	0.0034139402560455197
3456	0.0036984352773826463
3457	0.0019914651493598864
1495	0.0005689900426742532
3458	0.0025604551920341396
3459	0.0019914651493598864
477	0.0011379800853485065
3460	0.005689900426742532
3461	0.00938833570412518
3462	0.005405405405405406
3463	0.0025604551920341396
3464	0.010241820768136558
3465	0.0019914651493598864
3466	0.0017069701280227599
3467	0.0017069701280227599
3468	0.0017069701280227599
3469	0.0019914651493598864
3470	0.002844950213371266
64	0.0019914651493598864
3471	0.0048364153627311526
3472	0.005405405405405406
3473	0.005689900426742532
3474	0.002844950213371266
1096	0.0036984352773826463
3475	0.012233285917496445
1001	0.007681365576102419
3476	0.0025604551920341396
3477	0.0031294452347083927
3478	0.005689900426742532
3479	0.005974395448079659
3480	0.004551920341394026
3481	0.002844950213371266
137	0.0031294452347083927
3482	0.007112375533428166
3483	0.007112375533428166
1238	0.010810810810810811
3484	0.0019914651493598864
3485	0.0011379800853485065
3486	0.0025604551920341396
3487	0.0048364153627311526
3488	0.0036984352773826463
3489	0.0034139402560455197
3490	0.0034139402560455197
3491	0.001422475106685633
819	0.0025604551920341396
1578	0.0025604551920341396
3492	0.005689900426742532
3493	0.0048364153627311526
3494	0.0031294452347083927
3495	0.0008534850640113799
348	0.0034139402560455197
3496	0.0034139402560455197
563	0.0002844950213371266
3497	0.0017069701280227599
3498	0.003982930298719773
3499	0.004551920341394026
3500	0.0036984352773826463
1681	0.006258890469416785
3501	0.002844950213371266
3502	0.005120910384068279
3503	0.0031294452347083927
3504	0.0017069701280227599
3505	0.0025604551920341396
3506	0.0008534850640113799
3507	0.0008534850640113799
3508	0.001422475106685633
3509	0.0017069701280227599
3510	0.004267425320056899
3511	0.0008534850640113799
570	0.0017069701280227599
3512	0.0008534850640113799
3513	0.002844950213371266
3514	0.006258890469416785
3515	0.009672830725462305
3516	0.0036984352773826463
3517	0.0019914651493598864
1032	0.001422475106685633
3518	0.008819345661450925
3519	0.001422475106685633
289	0.004267425320056899
3520	0.002844950213371266
3521	0.006827880512091039
3522	0.0005689900426742532
3523	0.0025604551920341396
3524	0.005120910384068279
3525	0.0008534850640113799
3526	0.0011379800853485065
3527	0.0011379800853485065
3528	0.0036984352773826463
3529	0.0011379800853485065
3530	0.006827880512091039
3531	0.002275960170697013
3532	0.0036984352773826463
3533	0.0031294452347083927
3534	0.0036984352773826463
1668	0.0019914651493598864
3535	0.002844950213371266
3536	0.007112375533428166
3537	0.005120910384068279
185	0.0017069701280227599
3538	0.0017069701280227599
3539	0.010241820768136558
3540	0.0005689900426742532
3541	0.005405405405405406
3542	0.006827880512091039
3543	0.0036984352773826463
3544	0.002844950213371266
3545	0.002844950213371266
3546	0.009103840682788052
666	0.004551920341394026
3547	0.0073968705547652926
3548	0.0019914651493598864
3549	0.0019914651493598864
3550	0.0008534850640113799
3551	0.0034139402560455197
3552	0.0002844950213371266
3553	0.0017069701280227599
1424	0.0005689900426742532
3554	0.0025604551920341396
3555	0.0031294452347083927
3556	0.005120910384068279
3557	0.0011379800853485065
3558	0.0005689900426742532
3559	0.007681365576102419
3560	0.001422475106685633
3561	0.0048364153627311526
3562	0.0073968705547652926
3563	0.0025604551920341396
3564	0.0019914651493598864
3565	0.0017069701280227599
3566	0.004551920341394026
678	0.001422475106685633
3567	0.0005689900426742532
3568	0.004267425320056899
3569	0.00938833570412518
3570	0.004267425320056899
3571	0.0036984352773826463
662	0.002275960170697013
3572	0.008250355618776671
3573	0.0019914651493598864
3574	0.0019914651493598864
3575	0.0008534850640113799
3576	0.0019914651493598864
73	0.0025604551920341396
3577	0.004267425320056899
3578	0.005974395448079659
830	0.0017069701280227599
3579	0.0034139402560455197
3580	0.001422475106685633
3581	0.0025604551920341396
3582	0.0005689900426742532
3583	0.001422475106685633
3584	0.003982930298719773
3585	0.002275960170697013
3586	0.0048364153627311526
3587	0.004551920341394026
3588	0.002844950213371266
3589	0.0008534850640113799
3590	0.007965860597439546
3591	0.008250355618776671
1272	0.001422475106685633
3592	0.028165007112375535
3593	0.0019914651493598864
3594	0.0008534850640113799
3595	0.001422475106685633
3596	0.0034139402560455197
3597	0.005689900426742532
3598	0.0005689900426742532
170	0.006258890469416785
3599	0.004267425320056899
1786	0.004267425320056899
3600	0.0048364153627311526
3601	0.0034139402560455197
3602	0.002275960170697013
3603	0.0019914651493598864
3604	0.0019914651493598864
1707	0.002275960170697013
3605	0.0031294452347083927
3606	0.004267425320056899
3607	0.0031294452347083927
1337	0.0008534850640113799
3608	0.0005689900426742532
3609	0.0011379800853485065
3610	0.001422475106685633
3611	0.0034139402560455197
3612	0.0034139402560455197
3613	0.0048364153627311526
3614	0.005689900426742532
3615	0.0025604551920341396
3616	0.0034139402560455197
3617	0.007112375533428166
177	0.01507823613086771
3618	0.0002844950213371266
3619	0.004551920341394026
3620	0.0048364153627311526
3621	0.0031294452347083927
3622	0.007681365576102419
1491	0.013655761024182079
3623	0.0008534850640113799
3624	0.0019914651493598864
3625	0.0031294452347083927
3626	0.004551920341394026
3627	0.0002844950213371266
3628	0.0017069701280227599
3629	0.003982930298719773
3630	0.002275960170697013
3631	0.0034139402560455197
3632	0.004267425320056899
3633	0.003982930298719773
3634	0.0031294452347083927
3635	0.0008534850640113799
3636	0.001422475106685633
3637	0.001422475106685633
3638	0.0025604551920341396
3639	0.0034139402560455197
3640	0.0019914651493598864
369	0.002275960170697013
3641	0.0034139402560455197
3642	0.001422475106685633
3643	0.006827880512091039
3644	0.0031294452347083927
3645	0.0008534850640113799
3646	0.0019914651493598864
3647	0.002844950213371266
3648	0.0034139402560455197
3649	0.005974395448079659
3650	0.00938833570412518
3651	0.0025604551920341396
3652	0.0031294452347083927
3653	0.001422475106685633
3654	0.0017069701280227599
3655	0.0036984352773826463
220	0.0011379800853485065
3656	0.0002844950213371266
3657	0.003982930298719773
3658	0.002275960170697013
3659	0.0025604551920341396
3660	0.002275960170697013
3661	0.002844950213371266
3662	0.008534850640113799
511	0.011664295874822192
3663	0.002844950213371266
3664	0.0031294452347083927
3665	0.004267425320056899
3666	0.010810810810810811
3667	0.007681365576102419
3668	0.0034139402560455197
3669	0.0031294452347083927
3670	0.007681365576102419
3671	0.0017069701280227599
3672	0.002844950213371266
863	0.0011379800853485065
1023	0.0025604551920341396
3673	0.0031294452347083927
3674	0.0008534850640113799
3675	0.001422475106685633
650	0.001422475106685633
3676	0.001422475106685633
3677	0.002844950213371266
3678	0.0019914651493598864
3679	0.006827880512091039
3680	0.005974395448079659
3681	0.0019914651493598864
3682	0.002844950213371266
1296	0.0017069701280227599
3683	0.0025604551920341396
3684	0.0005689900426742532
3685	0.004551920341394026
3686	0.0025604551920341396
3687	0.0025604551920341396
3688	0.0034139402560455197
3689	0.0048364153627311526
3690	0.0002844950213371266
3691	0.003982930298719773
3692	0.0011379800853485065
3693	0.0011379800853485065
3694	0.0036984352773826463
3695	0.002275960170697013
3696	0.002275960170697013
3697	0.013086770981507824
3698	0.005689900426742532
3699	0.0005689900426742532
3700	0.0034139402560455197
396	0.001422475106685633
3701	0.0034139402560455197
963	0.0017069701280227599
3702	0.0019914651493598864
3703	0.002275960170697013
3704	0.0008534850640113799
171	0.002275960170697013
3705	0.0036984352773826463
3706	0.0036984352773826463
3707	0.006258890469416785
3708	0.001422475106685633
332	0.016216216216216217
3709	0.0073968705547652926
3710	0.0025604551920341396
3711	0.0008534850640113799
3712	0.004551920341394026
3713	0.002275960170697013
560	0.003982930298719773
126	0.004267425320056899
954	0.0011379800853485065
902	0.0017069701280227599
544	0.0031294452347083927
148	0.0073968705547652926
1453	0.0008534850640113799
1476	0.002275960170697013
53	0.0019914651493598864
275	0.0008534850640113799
1065	0.007965860597439546
628	0.0008534850640113799
1320	0.0011379800853485065
1712	0.0017069701280227599
1225	0.004551920341394026
1054	0.0005689900426742532
924	0.0005689900426742532
161	0.0008534850640113799
1501	0.00938833570412518
1788	0.002844950213371266
1834	0.0011379800853485065
596	0.0017069701280227599
1429	0.001422475106685633
1648	0.0008534850640113799
1282	0.0002844950213371266
326	0.005974395448079659
1193	0.0011379800853485065
12	0.0034139402560455197
661	0.0005689900426742532
732	0.001422475106685633
246	0.0005689900426742532
1355	0.0031294452347083927
238	0.0036984352773826463
1539	0.001422475106685633
1720	0.0025604551920341396
757	0.00938833570412518
464	0.0005689900426742532
633	0.0019914651493598864
493	0.0034139402560455197
1018	0.005974395448079659
849	0.002275960170697013
307	0.0017069701280227599
911	0.0005689900426742532
569	0.001422475106685633
982	0.005405405405405406
1676	0.0011379800853485065
1161	0.0019914651493598864
602	0.0019914651493598864
101	0.0011379800853485065
1267	0.001422475106685633
694	0.0008534850640113799
231	0.005405405405405406
1817	0.001422475106685633
713	0.0019914651493598864
708	0.004267425320056899
1602	0.003982930298719773
890	0.0008534850640113799
1472	0.003982930298719773
573	0.0019914651493598864
1615	0.0017069701280227599
235	0.0019914651493598864
456	0.009103840682788052
709	0.0017069701280227599
825	0.0048364153627311526
707	0.002275960170697013
1203	0.0031294452347083927
978	0.005405405405405406
524	0.005405405405405406
103	0.002844950213371266
359	0.0019914651493598864
1517	0.001422475106685633
1052	0.0019914651493598864
1762	0.009672830725462305
1179	0.0017069701280227599
1521	0.0031294452347083927
654	0.0011379800853485065
1704	0.006258890469416785
1283	0.0025604551920341396
761	0.0011379800853485065
1398	0.0019914651493598864
389	0.001422475106685633
1819	0.0017069701280227599
739	0.0008534850640113799
1333	0.0005689900426742532
1281	0.0002844950213371266
1548	0.001422475106685633
1766	0.0011379800853485065
1026	0.0034139402560455197
1262	0.0011379800853485065
1597	0.0034139402560455197
1121	0.005405405405405406
259	0.0019914651493598864
387	0.0019914651493598864
1610	0.001422475106685633
353	0.009672830725462305
824	0.002844950213371266
1599	0.0036984352773826463
1237	0.0008534850640113799
1159	0.0005689900426742532
1407	0.0031294452347083927
697	0.0017069701280227599
1794	0.0005689900426742532
1572	0.001422475106685633
180	0.011095305832147939
112	0.006258890469416785
1323	0.002275960170697013
706	0.001422475106685633
467	0.0017069701280227599
1651	0.0019914651493598864
999	0.004267425320056899
1190	0.002844950213371266
39	0.0036984352773826463
1493	0.0011379800853485065
813	0.004551920341394026
1622	0.001422475106685633
1392	0.0005689900426742532
1799	0.0011379800853485065
1427	0.0019914651493598864
1316	0.0011379800853485065
1747	0.010810810810810811
655	0.005405405405405406
1689	0.0025604551920341396
35	0.0011379800853485065
582	0.0005689900426742532
583	0.0002844950213371266
967	0.0025604551920341396
86	0.0005689900426742532
1393	0.0025604551920341396
274	0.0011379800853485065
625	0.0073968705547652926
1607	0.004267425320056899
134	0.004267425320056899
29	0.0036984352773826463
1741	0.0017069701280227599
481	0.0017069701280227599
1167	0.002275960170697013
293	0.0005689900426742532
358	0.0011379800853485065
508	0.0005689900426742532
719	0.0017069701280227599
750	0.002275960170697013
642	0.0008534850640113799
974	0.0008534850640113799
350	0.0017069701280227599
1114	0.0008534850640113799
1260	0.0017069701280227599
1832	0.0019914651493598864
1768	0.004267425320056899
1587	0.0002844950213371266
122	0.0019914651493598864
156	0.0017069701280227599
529	0.002275960170697013
1247	0.0011379800853485065
549	0.0025604551920341396
1049	0.001422475106685633
1740	0.001422475106685633
23	0.006543385490753912
543	0.0034139402560455197
1397	0.014793741109530585
1011	0.0008534850640113799
767	0.0017069701280227599
818	0.0019914651493598864
461	0.0017069701280227599
270	0.008534850640113799
565	0.008250355618776671
1255	0.0019914651493598864
664	0.003982930298719773
1270	0.0025604551920341396
193	0.014224751066856332
1139	0.0025604551920341396
774	0.0011379800853485065
881	0.0005689900426742532
1593	0.0025604551920341396
685	0.0011379800853485065
944	0.0019914651493598864
1147	0.0008534850640113799
1314	0.001422475106685633
1034	0.001422475106685633
10	0.001422475106685633
345	0.0008534850640113799
880	0.002844950213371266
960	0.006827880512091039
644	0.0011379800853485065
546	0.0017069701280227599
1774	0.0036984352773826463
306	0.005405405405405406
1246	0.0019914651493598864
1017	0.002844950213371266
856	0.0019914651493598864
842	0.011379800853485065
228	0.0008534850640113799
288	0.0011379800853485065
1187	0.002275960170697013
207	0.001422475106685633
1399	0.0036984352773826463
1061	0.0019914651493598864
1092	0.002844950213371266
233	0.0017069701280227599
1790	0.0008534850640113799
532	0.002275960170697013
686	0.0019914651493598864
1801	0.002275960170697013
516	0.0008534850640113799
1728	0.002275960170697013
92	0.015362731152204838
133	0.0011379800853485065
912	0.0011379800853485065
1544	0.0008534850640113799
754	0.002844950213371266
1532	0.0017069701280227599
82	0.004267425320056899
1461	0.0008534850640113799
1816	0.0031294452347083927
1451	0.0008534850640113799
430	0.002844950213371266
801	0.005120910384068279
1568	0.00938833570412518
1784	0.0005689900426742532
1130	0.0017069701280227599
1779	0.0031294452347083927
562	0.005974395448079659
372	0.005120910384068279
1631	0.0008534850640113799
1628	0.0005689900426742532
1091	0.005405405405405406
1473	0.004267425320056899
160	0.0005689900426742532
182	0.0008534850640113799
955	0.0025604551920341396
1046	0.0008534850640113799
1591	0.0008534850640113799
349	0.0017069701280227599
5	0.0031294452347083927
1336	0.0005689900426742532
1729	0.005689900426742532
1308	0.006543385490753912
1519	0.0002844950213371266
1358	0.001422475106685633
117	0.0019914651493598864
85	0.006827880512091039
1157	0.0017069701280227599
335	0.003982930298719773
1048	0.0017069701280227599
458	0.002275960170697013
1122	0.0019914651493598864
1765	0.0008534850640113799
808	0.0034139402560455197
52	0.0017069701280227599
1482	0.0005689900426742532
1196	0.0036984352773826463
1626	0.0017069701280227599
1483	0.002275960170697013
1075	0.002844950213371266
298	0.0017069701280227599
304	0.0031294452347083927
113	0.0031294452347083927
1359	0.0019914651493598864
462	0.0011379800853485065
1520	0.0017069701280227599
486	0.002275960170697013
1776	0.0034139402560455197
1142	0.002844950213371266
468	0.0017069701280227599
470	0.0005689900426742532
809	0.0034139402560455197
594	0.002844950213371266
1119	0.0019914651493598864
1349	0.0008534850640113799
515	0.0017069701280227599
401	0.0017069701280227599
915	0.0008534850640113799
1173	0.0005689900426742532
869	0.004267425320056899
799	0.0002844950213371266
1647	0.0019914651493598864
673	0.0011379800853485065
585	0.0008534850640113799
861	0.003982930298719773
21	0.0017069701280227599
906	0.0011379800853485065
385	0.0008534850640113799
1742	0.0017069701280227599
927	0.001422475106685633
1298	0.0031294452347083927
1504	0.0031294452347083927
631	0.0036984352773826463
867	0.0031294452347083927
561	0.0008534850640113799
691	0.0011379800853485065
864	0.0008534850640113799
966	0.0019914651493598864
71	0.0008534850640113799
910	0.0005689900426742532
1837	0.0008534850640113799
1802	0.0011379800853485065
1020	0.0008534850640113799
388	0.0017069701280227599
615	0.0011379800853485065
108	0.003982930298719773
976	0.0005689900426742532
1332	0.0011379800853485065
1344	0.002275960170697013
273	0.001422475106685633
698	0.001422475106685633
1693	0.0005689900426742532
950	0.0011379800853485065
991	0.001422475106685633
1623	0.0002844950213371266
1172	0.0034139402560455197
620	0.0005689900426742532
533	0.0031294452347083927
338	0.0008534850640113799
1277	0.0008534850640113799
1573	0.0005689900426742532
764	0.0011379800853485065
1292	0.0031294452347083927
172	0.0025604551920341396
795	0.001422475106685633
1181	0.0008534850640113799
1103	0.005974395448079659
144	0.001422475106685633
1541	0.0025604551920341396
413	0.002844950213371266
498	0.005405405405405406
1731	0.005120910384068279
1557	0.0005689900426742532
150	0.002275960170697013
219	0.001422475106685633
1341	0.002844950213371266
465	0.0017069701280227599
1278	0.0002844950213371266
576	0.0008534850640113799
1060	0.0017069701280227599
1455	0.0017069701280227599
523	0.002275960170697013
1669	0.002275960170697013
1016	0.0017069701280227599
1653	0.0019914651493598864
1757	0.0011379800853485065
1739	0.0019914651493598864
324	0.0034139402560455197
1560	0.0008534850640113799
1649	0.0008534850640113799
1268	0.003982930298719773
1789	0.0031294452347083927
1315	0.006258890469416785
1603	0.0031294452347083927
1459	0.0008534850640113799
781	0.0025604551920341396
429	0.0005689900426742532
1153	0.0025604551920341396
889	0.0008534850640113799
1182	0.0008534850640113799
614	0.003982930298719773
695	0.002275960170697013
1529	0.0017069701280227599
1508	0.0002844950213371266
203	0.0005689900426742532
1248	0.001422475106685633
1321	0.0011379800853485065
1240	0.0011379800853485065
1029	0.0011379800853485065
647	0.0005689900426742532
1543	0.0031294452347083927
1044	0.0005689900426742532
599	0.002275960170697013
305	0.0025604551920341396
1831	0.0017069701280227599
901	0.0019914651493598864
577	0.001422475106685633
1126	0.0025604551920341396
1479	0.0008534850640113799
1512	0.0011379800853485065
1750	0.0017069701280227599
1192	0.006543385490753912
1724	0.001422475106685633
206	0.001422475106685633
1289	0.0008534850640113799
839	0.0005689900426742532
352	0.0019914651493598864
726	0.002844950213371266
1098	0.0034139402560455197
1005	0.006543385490753912
190	0.002275960170697013
1652	0.006543385490753912
261	0.0011379800853485065
425	0.0017069701280227599
1833	0.002275960170697013
513	0.0019914651493598864
595	0.0008534850640113799
1601	0.0011379800853485065
555	0.0011379800853485065
168	0.0011379800853485065
1395	0.001422475106685633
432	0.0005689900426742532
398	0.0019914651493598864
638	0.0034139402560455197
945	0.001422475106685633
344	0.0017069701280227599
202	0.0002844950213371266
703	0.0034139402560455197
1686	0.0031294452347083927
1562	0.001422475106685633
1290	0.0011379800853485065
366	0.001422475106685633
1723	0.001422475106685633
1335	0.0019914651493598864
879	0.0011379800853485065
325	0.0005689900426742532
1793	0.001422475106685633
14	0.0011379800853485065
1711	0.0011379800853485065
286	0.0008534850640113799
526	0.008250355618776671
1480	0.0025604551920341396
1511	0.001422475106685633
1301	0.0005689900426742532
1143	0.0019914651493598864
296	0.0002844950213371266
1373	0.0005689900426742532
32	0.0017069701280227599
860	0.0017069701280227599
775	0.001422475106685633
1243	0.0019914651493598864
611	0.0031294452347083927
541	0.0011379800853485065
1291	0.003982930298719773
731	0.0017069701280227599
566	0.001422475106685633
510	0.0005689900426742532
834	0.0017069701280227599
91	0.0036984352773826463
1165	0.0008534850640113799
1533	0.002275960170697013
1326	0.004551920341394026
466	0.0019914651493598864
300	0.0011379800853485065
1279	0.0011379800853485065
115	0.001422475106685633
884	0.0005689900426742532
97	0.0011379800853485065
1384	0.0008534850640113799
1351	0.0008534850640113799
1627	0.0008534850640113799
996	0.0017069701280227599
747	0.0011379800853485065
1132	0.0011379800853485065
587	0.0011379800853485065
1410	0.0008534850640113799
908	0.0017069701280227599
1733	0.0011379800853485065
1522	0.005120910384068279
129	0.0011379800853485065
459	0.001422475106685633
1141	0.0036984352773826463
786	0.0011379800853485065
613	0.0031294452347083927
936	0.0011379800853485065
1197	0.0011379800853485065
923	0.0005689900426742532
868	0.002844950213371266
857	0.0005689900426742532
1138	0.0011379800853485065
263	0.0008534850640113799
1523	0.0011379800853485065
1271	0.002844950213371266
1814	0.001422475106685633
381	0.001422475106685633
1210	0.0008534850640113799
1528	0.0005689900426742532
375	0.0019914651493598864
877	0.0025604551920341396
451	0.002275960170697013
36	0.005974395448079659
892	0.0002844950213371266
932	0.0005689900426742532
1688	0.0031294452347083927
580	0.0002844950213371266
147	0.006258890469416785
1155	0.0008534850640113799
898	0.001422475106685633
1232	0.0005689900426742532
351	0.0011379800853485065
1166	0.0005689900426742532
745	0.009672830725462305
1152	0.002275960170697013
518	0.004267425320056899
793	0.0011379800853485065
1611	0.002275960170697013
1035	0.002275960170697013
977	0.0019914651493598864
1416	0.0008534850640113799
1565	0.0005689900426742532
55	0.002275960170697013
130	0.0008534850640113799
347	0.0011379800853485065
1207	0.0008534850640113799
1715	0.005405405405405406
1566	0.0005689900426742532
1447	0.0031294452347083927
684	0.0017069701280227599
1213	0.0019914651493598864
812	0.0011379800853485065
917	0.0019914651493598864
200	0.0011379800853485065
70	0.0017069701280227599
1734	0.0019914651493598864
1074	0.0005689900426742532
260	0.0011379800853485065
1732	0.0011379800853485065
1498	0.002275960170697013
1466	0.0005689900426742532
1372	0.0002844950213371266
1470	0.0008534850640113799
1445	0.004551920341394026
552	0.0025604551920341396
704	0.0011379800853485065
426	0.0031294452347083927
234	0.0011379800853485065
1782	0.0011379800853485065
660	0.0019914651493598864
1340	0.001422475106685633
282	0.0019914651493598864
63	0.0017069701280227599
1129	0.0011379800853485065
1294	0.0005689900426742532
1736	0.0011379800853485065
475	0.0008534850640113799
1043	0.0005689900426742532
1194	0.0019914651493598864
1767	0.0019914651493598864
499	0.0005689900426742532
636	0.0017069701280227599
1135	0.001422475106685633
528	0.002275960170697013
208	0.0011379800853485065
1305	0.0019914651493598864
431	0.0036984352773826463
1558	0.0011379800853485065
626	0.0005689900426742532
469	0.0005689900426742532
1726	0.004551920341394026
1725	0.0002844950213371266
1646	0.005405405405405406
1025	0.001422475106685633
503	0.0008534850640113799
18	0.0005689900426742532
1068	0.0005689900426742532
1443	0.0011379800853485065
1115	0.001422475106685633
1612	0.003982930298719773
1300	0.0008534850640113799
1104	0.001422475106685633
957	0.0011379800853485065
919	0.0017069701280227599
442	0.001422475106685633
784	0.0034139402560455197
452	0.002275960170697013
1524	0.0019914651493598864
1027	0.0011379800853485065
1186	0.0002844950213371266
885	0.0017069701280227599
1100	0.0017069701280227599
229	0.001422475106685633
770	0.0008534850640113799
938	0.0005689900426742532
1422	0.001422475106685633
671	0.0017069701280227599
496	0.001422475106685633
1002	0.0008534850640113799
943	0.0011379800853485065
1317	0.0017069701280227599
271	0.0019914651493598864
438	0.0002844950213371266
833	0.001422475106685633
1360	0.0017069701280227599
871	0.0011379800853485065
537	0.0005689900426742532
1327	0.0005689900426742532
33	0.002844950213371266
714	0.0005689900426742532
791	0.0031294452347083927
858	0.001422475106685633
940	0.001422475106685633
361	0.0002844950213371266
428	0.0017069701280227599
1117	0.002275960170697013
1661	0.0008534850640113799
1218	0.001422475106685633
994	0.0008534850640113799
1430	0.005405405405405406
378	0.0017069701280227599
1064	0.0011379800853485065
1530	0.0017069701280227599
154	0.001422475106685633
848	0.0005689900426742532
1643	0.002275960170697013
45	0.0005689900426742532
444	0.0008534850640113799
247	0.001422475106685633
13	0.0048364153627311526
821	0.0017069701280227599
1106	0.0008534850640113799
1574	0.0008534850640113799
198	0.0005689900426742532
668	0.0011379800853485065
1211	0.0031294452347083927
1674	0.0011379800853485065
738	0.001422475106685633
1116	0.001422475106685633
1490	0.0019914651493598864
1836	0.0008534850640113799
169	0.001422475106685633
1059	0.0008534850640113799
1531	0.0008534850640113799
1328	0.0017069701280227599
309	0.0008534850640113799
1721	0.0025604551920341396
1405	0.0002844950213371266
1488	0.0005689900426742532
283	0.0005689900426742532
551	0.0025604551920341396
1302	0.0011379800853485065
1497	0.0017069701280227599
617	0.0002844950213371266
1835	0.0017069701280227599
445	0.0005689900426742532
1624	0.002275960170697013
1570	0.0011379800853485065
771	0.0019914651493598864
19	0.001422475106685633
105	0.0017069701280227599
386	0.0008534850640113799
903	0.001422475106685633
399	0.0019914651493598864
196	0.0002844950213371266
290	0.001422475106685633
1701	0.0008534850640113799
998	0.0008534850640113799
579	0.0011379800853485065
900	0.0031294452347083927
1024	0.0008534850640113799
604	0.0019914651493598864
1713	0.0005689900426742532
311	0.0011379800853485065
1251	0.0005689900426742532
1771	0.0017069701280227599
106	0.0011379800853485065
1394	0.001422475106685633
447	0.0005689900426742532
1744	0.0011379800853485065
559	0.0008534850640113799
564	0.0017069701280227599
267	0.0017069701280227599
1234	0.0008534850640113799
262	0.0011379800853485065
725	0.0005689900426742532
189	0.004267425320056899
1324	0.002275960170697013
363	0.0019914651493598864
1221	0.0008534850640113799
1338	0.002275960170697013
979	0.0008534850640113799
406	0.0005689900426742532
1047	0.001422475106685633
882	0.0019914651493598864
1379	0.0019914651493598864
1021	0.001422475106685633
1269	0.0031294452347083927
1189	0.001422475106685633
680	0.0036984352773826463
1259	0.0011379800853485065
142	0.0008534850640113799
545	0.0008534850640113799
598	0.0002844950213371266
1540	0.0008534850640113799
1346	0.0002844950213371266
1383	0.0005689900426742532
1656	0.0011379800853485065
1561	0.002275960170697013
1390	0.001422475106685633
474	0.0002844950213371266
507	0.0019914651493598864
556	0.0025604551920341396
727	0.0031294452347083927
1354	0.0011379800853485065
953	0.0008534850640113799
1821	0.0005689900426742532
1304	0.0008534850640113799
1009	0.0008534850640113799
810	0.0002844950213371266
1756	0.001422475106685633
1368	0.0008534850640113799
89	0.0008534850640113799
817	0.001422475106685633
1475	0.001422475106685633
1252	0.0002844950213371266
1209	0.0011379800853485065
303	0.0025604551920341396
1185	0.0002844950213371266
377	0.0019914651493598864
789	0.0019914651493598864
1613	0.0008534850640113799
1807	0.001422475106685633
646	0.002275960170697013
384	0.001422475106685633
891	0.0011379800853485065
1823	0.0034139402560455197
873	0.0008534850640113799
782	0.0019914651493598864
525	0.002275960170697013
1805	0.001422475106685633
663	0.0025604551920341396
1469	0.001422475106685633
51	0.0008534850640113799
925	0.0002844950213371266
278	0.0005689900426742532
1625	0.0005689900426742532
935	0.001422475106685633
1244	0.0011379800853485065
1339	0.0017069701280227599
760	0.0017069701280227599
1365	0.0011379800853485065
418	0.0011379800853485065
692	0.0017069701280227599
1402	0.0002844950213371266
257	0.002275960170697013
165	0.0008534850640113799
433	0.0005689900426742532
1330	0.0019914651493598864
162	0.0011379800853485065
473	0.0008534850640113799
1374	0.002844950213371266
107	0.0002844950213371266
1148	0.001422475106685633
841	0.0005689900426742532
1180	0.0008534850640113799
997	0.0005689900426742532
1347	0.0017069701280227599
1621	0.0017069701280227599
1205	0.001422475106685633
1609	0.0008534850640113799
489	0.0025604551920341396
1235	0.0005689900426742532
894	0.0017069701280227599
339	0.0005689900426742532
176	0.001422475106685633
1256	0.0011379800853485065
1297	0.0011379800853485065
1202	0.0005689900426742532
8	0.0002844950213371266
949	0.0008534850640113799
1319	0.0002844950213371266
291	0.002275960170697013
1353	0.0005689900426742532
1241	0.0011379800853485065
1156	0.0017069701280227599
538	0.0017069701280227599
24	0.0011379800853485065
765	0.0005689900426742532
357	0.0019914651493598864
701	0.0017069701280227599
116	0.001422475106685633
823	0.0008534850640113799
1826	0.0002844950213371266
718	0.002275960170697013
28	0.0008534850640113799
340	0.0005689900426742532
1657	0.0005689900426742532
1295	0.0011379800853485065
256	0.0019914651493598864
729	0.0005689900426742532
1201	0.0005689900426742532
287	0.0008534850640113799
853	0.0005689900426742532
4	0.0002844950213371266
618	0.0031294452347083927
780	0.0002844950213371266
419	0.001422475106685633
423	0.0011379800853485065
483	0.0002844950213371266
1010	0.0005689900426742532
1764	0.0017069701280227599
749	0.0019914651493598864
1727	0.001422475106685633
404	0.0025604551920341396
1170	0.0005689900426742532
1310	0.0005689900426742532
959	0.002275960170697013
1444	0.0002844950213371266
586	0.0002844950213371266
1265	0.0011379800853485065
641	0.0005689900426742532
895	0.0005689900426742532
119	0.0011379800853485065
914	0.0005689900426742532
696	0.001422475106685633
981	0.0011379800853485065
1242	0.0008534850640113799
1502	0.0005689900426742532
1785	0.0034139402560455197
313	0.0008534850640113799
1735	0.002275960170697013
192	0.0005689900426742532
1356	0.001422475106685633
648	0.0008534850640113799
843	0.0011379800853485065
236	0.0005689900426742532
66	0.001422475106685633
612	0.002275960170697013
742	0.0002844950213371266
1215	0.0005689900426742532
1569	0.0002844950213371266
1411	0.0005689900426742532
1036	0.0011379800853485065
1140	0.0008534850640113799
803	0.0008534850640113799
1696	0.001422475106685633
1227	0.0017069701280227599
995	0.0005689900426742532
687	0.0002844950213371266
1285	0.0005689900426742532
26	0.0019914651493598864
1513	0.002844950213371266
1708	0.0002844950213371266
802	0.0017069701280227599
1276	0.001422475106685633
984	0.003982930298719773
1535	0.0017069701280227599
412	0.0005689900426742532
806	0.0011379800853485065
1107	0.0005689900426742532
317	0.0005689900426742532
744	0.002275960170697013
1665	0.0011379800853485065
1177	0.002844950213371266
743	0.0002844950213371266
1457	0.0002844950213371266
48	0.0005689900426742532
826	0.0008534850640113799
653	0.001422475106685633
111	0.001422475106685633
334	0.0011379800853485065
756	0.0034139402560455197
970	0.0008534850640113799
1223	0.0005689900426742532
1230	0.001422475106685633
1559	0.0011379800853485065
815	0.0008534850640113799
1236	0.0005689900426742532
667	0.0005689900426742532
1254	0.0005689900426742532
224	0.0011379800853485065
1362	0.0005689900426742532
1650	0.0011379800853485065
1425	0.0011379800853485065
244	0.0008534850640113799
439	0.0008534850640113799
1759	0.0005689900426742532
158	0.0011379800853485065
629	0.0002844950213371266
1820	0.002275960170697013
1055	0.0017069701280227599
897	0.0011379800853485065
794	0.0031294452347083927
527	0.0002844950213371266
710	0.001422475106685633
84	0.0002844950213371266
1224	0.0008534850640113799
44	0.0008534850640113799
1619	0.0002844950213371266
1489	0.0019914651493598864
360	0.0005689900426742532
1188	0.0005689900426742532
519	0.0005689900426742532
318	0.001422475106685633
76	0.0008534850640113799
1431	0.0008534850640113799
251	0.0005689900426742532
1718	0.0005689900426742532
1582	0.001422475106685633
1093	0.0011379800853485065
1680	0.0017069701280227599
159	0.0017069701280227599
624	0.0019914651493598864
1037	0.002275960170697013
1598	0.0008534850640113799
1639	0.0002844950213371266
1787	0.0002844950213371266
1428	0.0008534850640113799
42	0.0011379800853485065
1000	0.0005689900426742532
243	0.0005689900426742532
1396	0.0002844950213371266
1492	0.001422475106685633
136	0.0005689900426742532
1069	0.0008534850640113799
0	0.0005689900426742532
645	0.0008534850640113799
355	0.001422475106685633
1409	0.0008534850640113799
1216	0.0005689900426742532
1357	0.0008534850640113799
1773	0.0002844950213371266
1516	0.001422475106685633
520	0.001422475106685633
1467	0.0005689900426742532
840	0.0008534850640113799
1677	0.0008534850640113799
1640	0.0002844950213371266
94	0.0005689900426742532
1691	0.0002844950213371266
608	0.001422475106685633
114	0.0005689900426742532
1737	0.0011379800853485065
700	0.001422475106685633
946	0.001422475106685633
1687	0.0005689900426742532
548	0.0034139402560455197
643	0.0005689900426742532
814	0.0005689900426742532
501	0.0011379800853485065
443	0.0011379800853485065
1460	0.0005689900426742532
373	0.0005689900426742532
1146	0.0008534850640113799
183	0.0008534850640113799
1206	0.0002844950213371266
1818	0.0011379800853485065
568	0.0011379800853485065
592	0.0025604551920341396
1509	0.0008534850640113799
920	0.0008534850640113799
1414	0.0008534850640113799
1702	0.0002844950213371266
1769	0.0002844950213371266
1099	0.0005689900426742532
310	0.0011379800853485065
1158	0.0008534850640113799
1746	0.0011379800853485065
173	0.0008534850640113799
506	0.0002844950213371266
1041	0.0005689900426742532
1812	0.0008534850640113799
509	0.0002844950213371266
1551	0.0005689900426742532
1753	0.0002844950213371266
1133	0.0008534850640113799
1448	0.0002844950213371266
1382	0.0005689900426742532
1634	0.0008534850640113799
1576	0.0011379800853485065
1309	0.0002844950213371266
717	0.0008534850640113799
1012	0.0005689900426742532
187	0.0011379800853485065
517	0.0005689900426742532
242	0.0005689900426742532
1249	0.0005689900426742532
1420	0.0017069701280227599
249	0.0008534850640113799
485	0.0011379800853485065
637	0.0011379800853485065
1401	0.0002844950213371266
157	0.0017069701280227599
269	0.0002844950213371266
1590	0.0005689900426742532
80	0.0011379800853485065
1228	0.0008534850640113799
255	0.0002844950213371266
367	0.0005689900426742532
820	0.0008534850640113799
632	0.0005689900426742532
230	0.0011379800853485065
1824	0.0017069701280227599
975	0.0008534850640113799
887	0.0002844950213371266
1073	0.0025604551920341396
149	0.0008534850640113799
804	0.0005689900426742532
715	0.0005689900426742532
1229	0.0002844950213371266
1403	0.0011379800853485065
1534	0.0011379800853485065
1076	0.0005689900426742532
218	0.001422475106685633
1791	0.0002844950213371266
1755	0.0008534850640113799
1752	0.0008534850640113799
1580	0.0011379800853485065
728	0.0008534850640113799
1191	0.0011379800853485065
931	0.0017069701280227599
1184	0.0002844950213371266
341	0.0005689900426742532
1796	0.0002844950213371266
1458	0.0005689900426742532
1685	0.0002844950213371266
1804	0.0008534850640113799
1658	0.0005689900426742532
422	0.0002844950213371266
591	0.001422475106685633
689	0.0034139402560455197
1078	0.001422475106685633
1112	0.0011379800853485065
896	0.0017069701280227599
875	0.0002844950213371266
1226	0.0005689900426742532
1706	0.0005689900426742532
1195	0.0008534850640113799
60	0.0008534850640113799
174	0.0002844950213371266
1040	0.0002844950213371266
99	0.0005689900426742532
634	0.0008534850640113799
872	0.0011379800853485065
100	0.0005689900426742532
574	0.0008534850640113799
677	0.0002844950213371266
947	0.001422475106685633
937	0.0011379800853485065
1555	0.0005689900426742532
1760	0.002844950213371266
1761	0.0002844950213371266
476	0.0011379800853485065
972	0.0005689900426742532
1442	0.0005689900426742532
245	0.0002844950213371266
575	0.0005689900426742532
323	0.0005689900426742532
1454	0.0005689900426742532
209	0.0002844950213371266
1342	0.0008534850640113799
3	0.0002844950213371266
1162	0.0002844950213371266
1053	0.0005689900426742532
409	0.0002844950213371266
59	0.0002844950213371266
851	0.0005689900426742532
15	0.0005689900426742532
630	0.0005689900426742532
886	0.0008534850640113799
1067	0.0005689900426742532
522	0.0017069701280227599
441	0.0005689900426742532
252	0.0008534850640113799
1134	0.0005689900426742532
1714	0.0005689900426742532
1128	0.0002844950213371266
1698	0.0005689900426742532
457	0.0008534850640113799
720	0.0002844950213371266
540	0.0011379800853485065
1772	0.0008534850640113799
1163	0.0002844950213371266
1208	0.0005689900426742532
971	0.0005689900426742532
1659	0.0002844950213371266
1220	0.0005689900426742532
356	0.002275960170697013
188	0.0005689900426742532
807	0.0011379800853485065
314	0.0002844950213371266
1474	0.0005689900426742532
1071	0.0005689900426742532
1169	0.0008534850640113799
1633	0.0002844950213371266
514	0.0005689900426742532
186	0.0005689900426742532
905	0.0002844950213371266
1477	0.0011379800853485065
1051	0.0005689900426742532
1719	0.0011379800853485065
1617	0.0011379800853485065
1588	0.0002844950213371266
1325	0.0008534850640113799
1682	0.0008534850640113799
1664	0.0002844950213371266
1629	0.0005689900426742532
292	0.0002844950213371266
1438	0.0005689900426742532
1717	0.0008534850640113799
769	0.0008534850640113799
773	0.0011379800853485065
179	0.0005689900426742532
320	0.0002844950213371266
748	0.0002844950213371266
1798	0.0002844950213371266
1550	0.0002844950213371266
934	0.0005689900426742532
1378	0.0008534850640113799
640	0.0002844950213371266
965	0.0005689900426742532
1421	0.0008534850640113799
1514	0.0002844950213371266
688	0.0005689900426742532
762	0.0005689900426742532
1160	0.0002844950213371266
1468	0.0008534850640113799
484	0.0005689900426742532
1825	0.0008534850640113799
38	0.0002844950213371266
1361	0.0002844950213371266
403	0.0008534850640113799
1110	0.001422475106685633
1635	0.0008534850640113799
1214	0.0005689900426742532
61	0.0008534850640113799
1554	0.0002844950213371266
354	0.0008534850640113799
1329	0.0002844950213371266
1571	0.0002844950213371266
1436	0.0002844950213371266
1567	0.0002844950213371266
1376	0.001422475106685633
240	0.0002844950213371266
716	0.0005689900426742532
505	0.0005689900426742532
1019	0.0002844950213371266
1808	0.0005689900426742532
199	0.0002844950213371266
854	0.0002844950213371266
376	0.0005689900426742532
1386	0.0008534850640113799
1666	0.0002844950213371266
730	0.0005689900426742532
681	0.0002844950213371266
751	0.0002844950213371266
1419	0.0005689900426742532
253	0.0011379800853485065
1363	0.001422475106685633
836	0.0008534850640113799
346	0.0005689900426742532
394	0.0002844950213371266
788	0.0011379800853485065
135	0.0002844950213371266
1375	0.0002844950213371266
1709	0.0005689900426742532
828	0.0002844950213371266
835	0.001422475106685633
217	0.0005689900426742532
699	0.001422475106685633
294	0.0005689900426742532
420	0.0008534850640113799
408	0.0008534850640113799
733	0.0008534850640113799
1667	0.0011379800853485065
1638	0.0008534850640113799
1113	0.0002844950213371266
1263	0.0005689900426742532
1630	0.0008534850640113799
316	0.0002844950213371266
1086	0.0002844950213371266
656	0.0005689900426742532
487	0.0002844950213371266
1503	0.0005689900426742532
216	0.0005689900426742532
221	0.0002844950213371266
1496	0.0005689900426742532
1434	0.0002844950213371266
504	0.0005689900426742532
128	0.0005689900426742532
16	0.0002844950213371266
1288	0.0002844950213371266
1716	0.0017069701280227599
415	0.0002844950213371266
1389	0.0008534850640113799
627	0.0005689900426742532
1199	0.0002844950213371266
1754	0.0005689900426742532
986	0.0002844950213371266
679	0.0005689900426742532
299	0.0002844950213371266
798	0.0002844950213371266
690	0.0005689900426742532
1233	0.0005689900426742532
2	0.0002844950213371266
65	0.0005689900426742532
712	0.0005689900426742532
1408	0.0008534850640113799
1692	0.0011379800853485065
322	0.0005689900426742532
865	0.0002844950213371266
1371	0.0002844950213371266
437	0.0002844950213371266
1090	0.0002844950213371266
463	0.0002844950213371266
1758	0.0002844950213371266
1683	0.0002844950213371266
400	0.0002844950213371266
1084	0.0008534850640113799
1077	0.0005689900426742532
1777	0.0011379800853485065
1584	0.0002844950213371266
1605	0.0002844950213371266
1441	0.0002844950213371266
410	0.0002844950213371266
1299	0.0002844950213371266
239	0.0002844950213371266
1007	0.0002844950213371266
951	0.0005689900426742532
1449	0.0008534850640113799
674	0.0002844950213371266
1070	0.0008534850640113799
1575	0.0002844950213371266
453	0.0002844950213371266
1525	0.0005689900426742532
870	0.0005689900426742532
600	0.0005689900426742532
491	0.0002844950213371266
77	0.0002844950213371266
740	0.0002844950213371266
1654	0.0002844950213371266
414	0.0002844950213371266
1006	0.0002844950213371266
1770	0.0005689900426742532
211	0.0002844950213371266
1745	0.0005689900426742532
845	0.0011379800853485065
1257	0.0002844950213371266
391	0.0002844950213371266
297	0.0005689900426742532
649	0.0002844950213371266
734	0.0005689900426742532
1604	0.0002844950213371266
1660	0.0002844950213371266
874	0.0005689900426742532
1556	0.0005689900426742532
1703	0.0002844950213371266
1273	0.0002844950213371266
1066	0.0002844950213371266
988	0.0002844950213371266
1370	0.0002844950213371266
1577	0.0002844950213371266
1505	0.0002844950213371266
1102	0.0005689900426742532
553	0.0008534850640113799
1450	0.0005689900426742532
87	0.0002844950213371266
379	0.0005689900426742532
597	0.0002844950213371266
721	0.0005689900426742532
557	0.0002844950213371266
492	0.0002844950213371266
131	0.0002844950213371266
816	0.0002844950213371266
948	0.0002844950213371266
365	0.0002844950213371266
1105	0.0002844950213371266
90	0.0002844950213371266
921	0.0002844950213371266
50	0.0002844950213371266
1484	0.0002844950213371266
478	0.0002844950213371266
370	0.0002844950213371266
1400	0.0002844950213371266
1730	0.0002844950213371266
1108	0.0005689900426742532
1131	0.0002844950213371266
1088	0.0002844950213371266
237	0.0002844950213371266
276	0.0002844950213371266
722	0.0002844950213371266
1042	0.0002844950213371266
56	0.0002844950213371266
639	0.0002844950213371266
893	0.0002844950213371266
