900	0.0011948599885599981
222	0.0004025121081805482
901	0.0004264278693639907
902	0.00035902705000484796
903	0.00022699138543993914
904	0.0030102772944726563
905	1.63096740526317e-06
906	0.0037165598334048485
705	0.00011295382896148648
907	0.00048823045443156603
908	0.0019309168463088
669	0.030528739908110118
909	5.475375377995546e-07
47	0.0016211706810107043
77	1.6637363526974633e-05
910	0.000422109651469858
911	0.0006620544424015225
912	2.844764601014743e-05
913	0.0009149068308945987
424	0.0008267945797724929
102	0.006886205967303104
914	0.001890828160029513
915	0.0016525888149390908
916	0.004226306458439326
917	0.0037686096741694985
918	0.00039016311231351473
919	0.0016813394140524254
920	0.0009120874571676939
921	0.00016346229276138367
554	0.0009571509522733311
813	0.0002173310772270912
922	0.0016026408596471078
923	0.0003851810919602545
924	0.0003036423297484278
925	0.003437741722872087
926	0.0010220311751140377
927	0.0008538161630258676
928	2.9896674912103445e-05
929	0.0008790580959926878
930	0.01114899442615905
931	0.003769196841443958
651	2.332110142519766e-05
932	0.0021240706774857576
933	0.0034000882786977683
934	0.0002007360720143484
31	0.005138886436894392
318	1.201076365792687e-06
935	0.0008125092619805042
936	0.0015829442376226216
371	0.0018462437422296478
937	0.0016678948427793835
938	0.0005710110625815476
939	0.0036532184337625014
622	1.4060468616332417e-05
472	0.0014629629602466963
940	0.0006852560915200593
941	4.116569648869636e-06
942	0.001072483125359959
943	0.002473009325120727
944	0.0016191226919810963
945	0.0019683922532220044
195	0.05693255055948775
946	0.0015239793275940434
702	5.731867824688208e-05
947	4.286548907472014e-05
948	5.1846241217623775e-05
949	0.002686189569121675
950	0.0010771822525125724
951	0.0006467958201720673
849	3.309894055041629e-05
766	2.2631294720550188e-05
952	0.0014165922480679364
953	0.0007279047354005045
954	0.0007290322572330447
955	0.008834522018386689
956	0.003183576221723955
957	0.0008291888683185476
185	2.8211282932259606e-05
1	0.059845193570100715
958	0.0
959	0.001144252739677592
960	0.0034792449122843356
961	9.329372787424043e-05
25	0.08066051468854689
759	1.2111175142819077e-05
962	0.0014617184897417921
963	0.0019840368351585758
27	0.23962764140707074
964	2.51283808878603e-06
965	1.169090601371725e-05
966	0.0005478418014975336
967	0.000485257200225223
37	0.00012816332152654835
968	0.0005369073408448677
969	0.0007606518483422492
970	0.0004048300649078016
971	0.0009198284118108499
972	0.0002371269434815668
973	0.0016522553827612964
974	0.0008603851310266392
975	0.001149967076142361
976	0.003200392300652254
977	0.00042838595836879956
978	0.0004575473767102009
979	0.0007165451867187984
980	0.003874217744188503
981	0.0027574739663752184
982	0.0028310742405944565
983	0.004496420397079436
191	0.0006833407314409542
984	0.0012803060406120783
985	0.001651768949249509
986	0.003378434096726026
672	0.00016905240403946418
987	0.005500565637869475
988	0.00043859200655313024
989	0.0002049762318402872
990	0.007152374555093551
664	0.0009194627472423278
991	0.000886873820939567
992	0.013945394398992181
993	0.001778273612781276
616	0.0002739485187903201
994	0.00034021870351643433
995	0.0006302550207344501
996	0.0009693876587590663
658	8.5807204566181e-05
997	0.001427888694460622
998	0.0001237928204444397
999	0.0011964202228848945
1000	0.00015134194202667237
1001	0.0039509495932381535
831	1.504313525636649e-05
1002	0.0010018778798958723
1003	8.382738061544787e-05
435	0.003948478603640064
1004	0.0001906456160196595
1005	0.008448570043976538
1006	0.0
72	0.10858350224144084
1007	0.0011418121502894645
1008	0.008409585894729945
1009	0.0005649955000140482
1010	0.0007446165787438183
1011	0.0009253123267475111
1012	0.00023148066010386648
1013	0.003608399446844744
1014	0.0015587398720133833
1015	0.0018670328480701378
1016	0.0004556477348601777
1017	0.005831390587940214
1018	0.0030532695431561433
1019	0.000253096310560737
1020	0.0009592953350999075
343	0.002587891558151625
1021	0.001703646317502121
1022	0.0005642407337972423
1023	0.001274234875959359
29	0.00010304473283566132
1024	0.00020266527411591078
1025	0.003542009450974792
1026	0.0006734889796095582
1027	0.0017883904674840369
1028	0.0005657963019274014
1029	0.0007492824344324466
88	0.05829778113528719
1030	0.002424992556998746
1031	0.00020197421982253824
1032	0.0006222758858688041
1033	0.006523378587891843
1034	0.00016281723188850235
93	0.00024006646173406896
1035	0.0021851171498735093
567	6.56805095814982e-07
251	0.00011452471099123537
1036	0.001433420108142563
1037	0.001546028356778193
1038	0.002528083794399732
1039	0.003465647780330935
163	0.00032712283930582715
1040	0.0009612291457968844
1041	0.00039620916913171017
609	7.73027409818836e-05
1042	0.00010484761800880267
1043	0.000829539699128416
1044	0.0022683160260480954
197	0.0030923611490044967
1045	3.6211705196908437e-07
1046	0.00029104069659887315
665	0.0009361845378006697
1047	0.00011712475595438022
1048	0.0009994275321671827
1049	0.00027621556179307865
1050	0.00130086275535966
1051	0.004569319348396215
550	7.975242358326845e-05
1052	0.0004493186927493873
1053	0.00278654212530045
1054	0.0009448932677932694
1055	0.0013792413779301557
1056	0.0024770957300849945
1057	0.00011777600723928062
1058	0.0001518840035602454
83	0.0028354094874969964
1059	2.582356797252663e-06
1060	0.0013277785175118966
1061	0.0033787043772968745
1062	0.005416340701496574
1063	0.0009319503180155549
1064	0.0011647060100932725
1065	0.0023773316932552053
1066	0.0011798535266412241
166	0.004379984021272224
1067	0.0005634621350559152
1068	0.0010327564105406081
1069	0.0018325117890542683
1070	0.0004272811587814402
843	0.00016832825094888453
1071	0.0010087782396956846
1072	3.905460951580131e-05
1073	0.0036998372302666093
1074	0.000773639129944279
1075	0.0007735449596983735
1076	0.0007750950704289837
1077	0.0011012544359046575
1078	0.0008952399468720575
1079	0.0018022901137410446
1080	0.0017645794128464697
1081	0.006200304165427639
85	8.009937428221346e-05
1082	7.105842638534223e-05
1083	0.00022169514143251029
778	3.1471102261433298e-06
1084	0.007150349851967439
1085	0.001065061420698235
1086	3.549583471199021e-05
1087	0.0006460794237330558
1088	0.0015843603061747374
1089	0.0017077455444409956
1090	0.001366547575669434
1091	0.005043223491980878
1092	0.000194034452839135
1093	0.0007859330782096406
1094	0.00022925683911017197
1095	4.997408011044937e-07
1096	0.0038259913373015213
120	0.020140320749524834
1097	7.843698482690272e-05
1098	0.00183113467343103
1099	0.00020489051998490214
1100	0.0012036641881963592
1101	0.001448685513605986
1102	0.00029220350813623073
1103	0.0030052430368961835
1104	0.002276005930978005
1105	0.0007608083493523147
624	1.0093505396305905e-06
1106	1.9525226451234163e-06
1107	1.3881688919569272e-06
1108	0.0005678000932746515
1109	0.00018937851837792566
1110	0.0013209460524601089
1111	0.0004130507740598336
837	0.00024145658859430687
1112	0.0008008632095294836
1113	0.0004080322414514034
1114	0.0015318601462555148
1115	0.00030838036690543564
1116	0.00014218760312088334
1117	0.0028950856005949452
1118	0.00026660772513532795
1119	0.002280620585257133
1120	0.00014062921425261806
1121	0.0022753257768442807
1122	0.0010048245399293578
1123	4.585207338795048e-05
1124	0.00815748400621096
1125	0.001480719697682201
1126	0.0005950339795588689
1127	0.006652740278011722
1128	0.00028390311921039504
258	0.0003861433520696767
1129	0.003018021148241701
1130	0.0028382865286959128
1131	0.000704785362454114
1132	0.00011203373515024102
1133	0.0020408805612546956
1134	0.0014371299089030772
1135	0.00045282831616900326
1136	0.00037139710220238206
1137	0.0018310507594832804
1138	0.001773236142452964
797	0.00023051904815663658
1139	0.0017757215442094948
1140	0.0004037670836307085
1141	0.003742797520954666
200	0.00028984408607097515
452	9.869577205327479e-05
1142	0.0026376807173391814
1143	0.00017866988832185713
1144	0.005172756421708527
1145	0.0006522692528518485
1146	5.3102456109516876e-05
1147	0.0
1148	0.0018850270917478626
491	0.0
1149	0.0019556546573278513
1150	0.000245059854040602
1151	1.7406451511761158e-05
1152	0.0030295075258058904
1153	0.0009115968724322932
1154	0.00019567389426453473
1155	0.0008444836629003403
1156	0.0011137281276048076
1157	0.001326756080594423
214	0.0012514768927238999
1158	3.3776763174913154e-05
1159	0.0017187394338758371
1160	0.0007500662815497749
40	0.0002611752827745311
1161	9.994293282486813e-05
1162	0.0009311521331385071
1163	7.535106458041083e-05
1164	0.004709863225834571
1165	0.00048128287328791743
1166	0.0006437892240424583
1167	0.0037535447247750127
1168	9.739611855034382e-06
1169	0.00028906758387344097
1170	0.0009008965900957021
1171	0.0003351851948714422
1172	0.0024617475022987428
1173	2.733557535365487e-05
1174	0.002324457975024998
1175	8.390309221567565e-05
569	0.0011673274676477585
1176	0.002120401152753415
1177	0.0010908511234730435
1178	0.0014458429615872522
1179	2.448752673081175e-05
1180	0.0005422923735838628
1181	0.00020286823781285587
1182	0.002652899875706967
411	0.0061976582086738395
1183	0.0005290033454555254
1184	0.0004709022097516323
1185	0.0014780394650864492
840	5.819561187628878e-06
861	0.0002492596805991679
1186	0.0006438010219593526
1187	0.0007349966095176094
1188	0.00018972071113074516
1189	0.0013631472541235006
1190	0.006702633448986221
1191	2.511553932830303e-06
1192	0.0034055691314532404
1193	0.0013028414911558802
1194	0.00191671655987223
539	0.0011965803879913457
1195	0.002368620601887832
1196	0.0008886385185754223
1197	0.0019870484952869997
1198	0.026976692975262506
1199	0.0007149314576122677
1200	0.0006862689140934045
1201	0.0004610942985103999
1202	0.00023616475138888554
1203	0.002608337089574396
1204	0.0012712983296000351
1205	0.0012877524214487924
1206	0.0012763431746015328
829	1.7354425995369747e-05
1207	0.00010542282459724919
1208	0.0004403620838702764
1209	0.0013637346048229737
1210	8.863550730794928e-05
490	0.003144255700386742
1211	0.0010713540507954515
1212	0.0005146437721501511
466	0.0
1213	0.0006923999535813375
1214	0.00012955146640240448
1215	0.0014102485573632274
1216	0.0012660329601528457
1217	0.0010347601995195246
266	0.003804842888986684
1218	0.0011053204064481411
1219	0.00957711368751824
1220	0.002276620449428813
1221	0.0001306290336695528
1222	0.01034469547463022
1223	0.0003668553738140648
1224	0.0002962517484359892
1225	0.0006639619660071271
8	6.612370432892986e-05
1226	0.001721420177213149
1227	0.00021312971111242632
1228	0.0007349228584771698
1229	0.0009715413628973534
724	0.007357180296390739
1230	0.0010913615694276193
869	5.231781635897711e-05
1231	0.004668937897204539
1232	0.0009276378308229527
1233	0.0010252363964417868
1234	0.0018150728374108796
1235	0.0010408095398782087
1236	0.0006028478550486027
1237	0.0007078728334717694
1238	0.0024544983457710336
337	0.0026566974910243965
1239	1.0040646177703173e-06
1240	0.0005387355889832796
1241	0.0005285578257966808
1242	3.2677802599881786e-06
1243	0.0025578035441778594
1244	0.0010711005927784368
1245	0.00033689842977190857
49	2.6795559153929914e-05
1246	0.0014048578796153671
1247	0.00015677366747210246
1248	0.0005617136724461947
274	1.3970710418181656e-05
1249	0.0007848292791775974
1250	0.0005105014425442785
67	0.002615857292945765
1251	0.0018779675275445943
1252	0.0020373518065694048
1253	1.1033794626505983e-05
1254	0.0008706431294047793
1255	0.0005309229336464135
1256	0.0006939825580586274
1257	4.7482916346029245e-05
1258	5.002586494870019e-06
1259	0.0035324079126782533
1260	0.004181869542621576
1261	0.025691690163694488
1262	1.757912697696932e-05
1263	0.0010866643198389541
1264	0.002715319047406027
1265	0.00042976052974821774
96	3.451245436508476e-05
1266	0.0043929953519424815
1267	0.0005480401820251357
175	0.0009349394648277155
1268	0.0022597801901813683
1269	0.0021305652887071225
1270	0.0006608394872030649
1271	0.0007803240074663564
1272	0.003266848857066176
1273	9.040377235822042e-05
1274	0.002817417809672333
1275	0.007214581311018489
1276	0.0008851473346078482
844	0.00013901047956095067
1277	0.00025863986100279046
1278	0.00017403902883166106
1279	0.0003381400270900085
1280	0.0021816317257090513
1281	0.000770766357281047
1282	3.531659495972959e-05
1283	0.0012927328479547821
480	0.0006702249983274022
1284	6.66321068139325e-07
1285	0.0
1286	0.006242685302248091
1287	0.00019665084422849574
1288	0.00012277204284245828
1289	0.00024058205249586807
1290	0.0033317840890348745
1291	0.0006296631148245284
1292	0.0008192762857772183
199	9.544107160555798e-06
1293	0.0035648511409119145
1294	0.001532762878220615
1295	0.0011130612602352843
20	0.0008494893219947237
1296	0.0005330085452425722
1297	0.0010020892133821369
1298	0.0009159153666377054
1299	0.00012130063645446067
1300	4.5118012932040054e-06
1301	1.8041147708560208e-06
1302	0.0019022366551250437
1303	0.0
1304	0.001025879417257922
1305	0.003466002893974023
1306	1.0040646177703173e-06
1307	3.6211705196908437e-07
1308	0.0022564673444145076
1309	0.0007911193311413948
1310	0.0005354431010957517
1311	0.0016098506256299828
1312	0.010601699699412116
1313	8.718979717276424e-06
1314	0.001852145497540554
1315	0.0033458895119827282
332	0.0008124240731181376
1316	0.00029986375468820016
1317	0.00039096338962958893
1318	0.0014261439190290388
118	6.747170694045563e-05
1319	0.0013755794301251814
1320	0.0008818886450753114
1321	0.0031195639255426053
1322	0.0005220005504876507
1323	0.0015170608763881406
1324	0.002392005910171038
1325	0.00023437052144285013
1326	0.007282503153055125
1327	0.001669127254066192
1328	0.0004930879825673197
1329	0.0
1330	0.0007377880388597253
1331	0.0004094694109930156
1332	0.0021388422920004422
1333	0.00026994918457290146
1334	7.678869938915387e-05
1335	0.000620217624797088
1336	0.0024098087435343247
1337	0.0001899808483280055
1338	0.001813546392481903
1339	0.0019470152052371537
1340	0.0037879991026351927
1341	0.0027377637771359817
1342	0.001231631769660439
1343	0.0016253658368426396
1344	0.0003610214694731722
1345	0.0012790087594861976
1346	0.00038278307356476765
1347	0.002047532620922358
1348	0.0008478654232200548
1349	0.0023278136541579827
1350	0.00019025583149106094
1351	0.0009945128707713176
1352	0.00033231060949980576
1353	0.00030988617545284983
1354	0.0004919033114187933
277	0.0004087998707508224
1355	0.003207208398595315
1356	0.0008606350830281283
1357	5.003369208027966e-05
1358	0.0007398875033573775
1359	0.0013213276243963304
1360	0.0016917316772754533
1361	0.0
1362	0.0013839169652671989
1363	0.0002498459317923902
1364	0.0011079479442120813
456	0.0008473156962040609
1365	7.567837695408466e-05
1366	0.0004472901211634086
1367	0.0041304353671972015
1368	0.0018711178702896934
858	1.8009235291035062e-05
1369	0.0008637104951988528
1370	0.00012818133441644966
1371	0.0006879217096475831
1372	0.000574086530605111
212	9.338638945504278e-06
1373	0.0021337380696053528
1374	0.0019449033609197494
1375	0.0006537141954211031
1376	0.0013251772268735573
1377	4.566804292188911e-06
1378	4.0326507220447175e-05
1379	1.3667238118975246e-05
1380	0.001166140541987939
1381	0.0
1382	0.0002586981733746607
1383	7.06879750641528e-05
1384	1.910401874534108e-05
1385	0.003430457438506943
1386	0.00031175736261805295
1387	0.0029192620734526226
1388	0.0004222574495944934
1389	0.0006697931723199393
503	6.0131342454608945e-05
1390	0.0020883459517929376
1391	0.005021544796366215
1392	3.908690762089247e-07
1393	0.0003957909247716287
1394	0.00029545685728615524
1395	0.0005132364335802184
1396	0.0013185112046476173
1397	0.01364729409668595
1398	0.0005158450533870676
1399	0.0001774184667187987
315	0.0011204995369561296
1400	0.0013467244860180627
1401	0.00027928776370844574
1402	0.00011160631162165746
1403	0.003830012209819911
1404	0.0
1405	6.66321068139325e-07
1406	0.0001704855470131534
1407	0.0009009497344888459
1408	0.0006055423722446761
1409	0.0011920350456325031
1410	0.002123497967145761
1411	0.0004398601908951337
1412	0.0003966169795805976
1413	0.001246179731762912
1414	0.0043830128327691795
1415	0.0004297848325188392
1416	0.0004298396778244495
1417	0.00018326971200134106
1418	0.001170629783016444
1419	0.00010686569864755015
461	2.0763849910884632e-05
1420	0.0013430741330443165
1421	0.0008039924545827487
1422	0.00375983594707152
1423	0.0015619850597679017
1424	0.0003249953481655334
1425	0.004668538523876577
1426	0.037297199574837764
1427	0.00018927743274628193
1428	0.0008658507437202267
1429	0.0007703222706352781
1430	0.0008181667747210606
570	0.000345863905048345
1431	5.762665746749002e-05
1432	0.0
1433	0.0013282413811294773
1434	0.00031756461609813285
1435	0.00013766058227461986
1436	0.00240815495471206
1437	0.0009548761199575103
1438	0.004214759525608052
1439	0.005571213202565401
1440	0.005776105062333795
1441	0.0002586613553469772
1442	0.0009920127837950816
675	0.0007487178324322723
1443	0.001524376892348406
536	0.0
1444	0.002037206310216887
1445	0.0016749579316464142
531	0.0032669181995487948
1446	0.0007424584361705375
1447	0.003314329705642597
1448	0.002263770395617192
1449	0.0011512878692434897
1450	0.00030561510521712036
1451	0.0013303812143228232
1452	0.0010556326395934992
1453	0.0011944646335334233
1454	0.0036357009186438792
1455	0.00012096264538333115
1456	0.0006708558508966297
1457	0.00018596475941508715
1458	0.001277411201893048
551	1.2765179141503535e-05
1459	0.00044930922891595927
1460	0.00038252950733344673
1461	0.0032698704996128435
1462	0.002543962422522342
1463	0.0020639992231579244
1464	5.8240300647423804e-05
1465	9.125046737161906e-05
1466	0.0005533015418549278
713	0.0001382491937074672
1467	0.0012128606434879405
308	0.005689658159997027
1468	0.0024810594057127072
1469	0.0003262362561308714
1470	0.0019219709386161807
1471	0.00019451886025051744
1472	0.00746999104241262
1473	0.005269180983288451
1474	0.0017161850052781163
1475	0.00014445347223996177
1476	0.0007949118083172538
1477	0.002598987044482385
1478	0.00023073827267763833
1479	0.0005555226296555711
1480	0.000825758765208042
43	0.0004949034384728816
1481	0.0
1482	0.0
1483	0.0018575366592575471
1484	5.9389996300241e-05
511	0.0017281183893128305
1485	0.0007017959462583019
1486	3.244166815887889e-05
1487	0.0005557021148734285
1488	0.00037265299454241924
1489	0.001997251743624807
1490	0.002168438976456541
1491	0.012200977007706348
1492	0.0018004147427072932
1493	2.4483448777928545e-05
1494	1.0040646177703173e-06
157	0.0004242242384932715
1495	0.0014759796997827008
1496	0.0008324685356689061
1497	0.0008966711143864392
1498	0.0015585391018590742
1499	3.4637116633486534e-05
1500	4.3038331298559655e-05
1501	0.0013913426834895929
1502	1.7583403382093693e-05
1503	0.001345637206599853
577	1.5856270277705644e-05
1504	0.004095178117084256
1505	1.7406451511761158e-05
1506	0.0018682910071448437
1507	0.0037842662919077715
1508	0.0005737478303535606
1509	0.0003707710138938663
1510	3.418464020069459e-05
1511	0.00037429280613303367
1512	0.00020863775838308074
1513	0.0028734541013741236
1514	0.0017311819279212108
1515	0.0007005835301357722
34	0.001502140876933846
1516	0.0014804443050641665
1517	0.0007002530847148463
1518	0.014920743532018166
796	0.0003981518020475419
1519	0.0015230119980433523
1520	0.002286147584786024
741	0.0
1521	0.004804987088619865
1522	0.0016396539682971961
1523	5.561159584286742e-06
1524	0.0013387013721675501
342	0.0006248478850367492
1525	0.0028087223255857437
1526	0.003874137676367946
1527	0.0016698513737579018
1528	0.002328098036001466
1529	0.002178567708486711
1530	0.00167852701482094
1531	0.0004345760637885472
1532	0.002569511865078646
1533	0.00023526040410552115
1534	4.983273927781375e-06
361	3.331605340696625e-07
1535	0.0025741964950543646
1536	0.0009225805928396804
1537	0.00012677192366658107
1538	1.1724780468861866e-05
1539	0.0015659403278418355
1540	0.001049012704667568
1541	0.0005132898151485678
1542	0.004546925553224364
1543	0.002485901859379509
1544	0.0022347929781283446
1545	0.00034594250450195596
1546	0.0
1547	4.772228361535403e-07
1548	0.00030157529456164054
1549	0.004991425099499892
1550	4.723945425236203e-05
1551	0.0010592898837305613
1552	0.0015358361724980034
1553	0.00010177279360190468
1554	7.680578705422903e-05
1555	8.203119876760168e-05
1556	0.0006199321244301424
1557	0.001028966660159769
1558	9.912311293609952e-05
1559	0.004392408442249039
772	0.0002756223856532492
1560	0.0033379351706688686
1561	0.001221117296197391
1562	0.0003018243952902119
1563	0.0021472853101569835
1564	0.0003122903420361545
1565	1.63305640527079e-05
1566	0.0018548716508965744
1567	0.001986808840459428
1568	0.006040064113170328
1569	0.0005923174445128043
1570	0.0012400170411410278
448	0.00029381876008715055
1571	0.0013549137154341422
1572	0.00192009461546745
1573	0.0007401329875322324
23	0.00026353935704689587
1574	0.0017660757809373235
1575	3.362173008451506e-05
1576	0.004754384581286833
1577	0.001290318086758463
1578	0.00024564541153402925
1579	0.0012323498949829068
1580	0.0003845914926107777
1581	0.00031309630799763105
1582	0.0015655169786286925
1583	0.0026637441270667603
1584	0.00020629033196960242
1585	0.0014453492877300668
1586	0.0
1587	0.0012480375925967369
1588	0.00043534185586259694
1589	2.253809506561958e-05
1590	0.000531133027849333
1591	0.00028994850415602985
1592	0.0014791042569263695
1593	0.0038323183099139564
1594	0.0006564389466149032
1595	0.0011137425510518643
1596	0.0012784345059040204
1597	0.0004703909848422721
1598	0.0009837446623263005
1599	0.0017328571475460834
1600	0.0024774533482011638
239	0.0
1601	0.00012306630842283227
1602	0.00025056137014014526
1603	0.0047150253350686285
868	7.205480832077869e-05
1604	0.00011378951338377735
1605	0.0011684578258631345
1606	0.0023415915686708
1607	0.0012967666675015761
1608	0.0004919471499735962
1609	0.0015541934257712667
1610	0.0017499847123362735
1611	0.00029839645056468304
1612	0.0018920593464095822
1613	3.266580088276108e-05
1614	4.9475662732986345e-05
1615	0.0011955387240020071
1616	0.0005314640138584628
1617	0.0006338383430936341
1618	0.001146267047763762
1619	0.0
1620	0.00013534351598665754
1621	2.800168593031225e-05
1622	0.0015809881536144087
98	0.0016957047803059164
1623	3.4391432295946555e-06
1624	0.0008405879876549857
1625	0.00036128662015053975
1626	0.00128679144179075
1627	0.0009289392012261299
788	0.00047099248146758904
1628	6.167721453385787e-05
1629	0.0021326025964353936
1630	0.00331529198305109
1631	0.00037446019017123094
10	0.0004496796490845298
1632	7.541174974987717e-05
1633	0.00023039025484184844
1634	0.000775065481629759
12	0.0009587641484593938
1635	0.0017406037635139815
1636	0.001211546162482692
1637	0.0
1638	0.0021597565964724375
1639	0.0010079874093255684
1640	0.0014063190271072599
1641	0.0
1642	0.001427676254336697
1643	0.003273421178303532
1644	0.0016720261875234593
1645	0.001153406374204179
225	2.647760028986415e-05
1646	0.001405964964845883
1647	0.001491627611264891
1648	0.0005428407043244439
1649	0.0017094750200528067
1650	5.3147401627650955e-05
1651	1.5969664432431135e-05
1652	0.0017533084047198929
144	0.0
1653	0.001407955647089524
1654	0.0007715171048024802
1655	0.00010945945312163191
1656	0.001407522754361684
1657	0.003651008637515997
1658	0.0011434069529270817
1659	0.0016047586673573115
1660	0.0007080502011244297
1661	0.0013475826139402504
1662	0.0017774295961082752
1663	0.0005515189250029667
1664	1.0893904427950586e-05
1665	0.00201737349332789
1666	0.00016974745385187949
1667	0.0006923416055256664
1668	5.286536145072884e-06
1669	0.00046133725854824356
1670	0.0011434069529270817
1671	0.0
1672	0.0017471318322942711
1673	0.008493303663986302
1674	0.0001540086747536302
1675	0.0004915742492296823
1676	0.0006222936910064804
1677	0.001717547483994312
210	0.0014854928915407773
1678	0.0019228470182909624
1679	0.013520599030800443
1680	0.0015229350168235922
1681	0.00520024508341101
1682	0.0004225308909902337
180	0.0005529106855629291
1683	9.664072241586347e-05
60	1.7749698228745596e-05
1684	0.0008976631048548538
1685	0.0012536197286977385
1686	0.0012681117314018494
1687	0.0007741223008818918
1688	0.003728561806351605
1689	0.002371893850847292
1690	8.311292202887476e-05
1691	0.00016025446818135333
1692	0.002318672685254444
104	0.00024914151740513217
1693	3.35170299585043e-05
1694	0.00023325855519961493
1695	0.0001305546699134348
1696	0.0030726336557205585
1697	0.00011263906068889627
1698	0.0019153124964609084
1699	0.0004788109090513286
625	0.0013825710372127663
1700	0.0033074595337366647
1701	0.0006779960913985978
1702	0.00017901621846365957
1703	0.0008790414456184217
1704	0.011139250338162295
1705	0.002080750342451354
1706	0.0022757903098473424
1707	0.0019082757986063372
1708	0.0006964700789703228
1709	0.0009524635101961293
1710	0.00045100170241776255
1711	4.14093198731075e-06
1712	0.004270073203399705
1713	0.00020576600235958637
1714	0.0012435510577930037
154	7.438294289888447e-05
1715	0.0038020664874060892
1716	0.0006747443367474815
1717	0.00010401078277160582
110	0.005056485459231407
1718	0.0020963575204777343
1719	0.0008011702892693761
1720	0.000531726399994759
1721	0.0006616115210682521
1722	0.0019460126792818387
1723	0.0017408698266383445
1724	0.0008291459493417681
1725	0.0002448990582166738
1726	0.00467540761120261
280	0.00043514395223350454
883	0.004376133536583052
1727	0.0037520842484531484
1728	0.0011744959956830987
1729	0.011073034904493842
1730	0.00032107941801009474
1731	0.004752363036840968
1732	0.0018646374087400734
1733	0.0017289693769182001
1734	0.00018467711156948803
1735	0.002423155791099779
1736	0.002175519985999303
1737	0.0013229037235107878
425	7.009082031314026e-06
1738	0.0024950025057928083
1739	0.0009448113353047465
1740	4.748428187701662e-05
1741	0.0003483964474249691
1742	0.0006679576507869337
1743	0.00024812179672820323
1744	0.00033027461776283587
1745	0.0002767796835424766
842	0.005886087988252939
1746	0.001497532843927202
1747	0.014673216816530384
1748	0.0
1749	0.008389172647330039
1750	0.00041605277846786236
1751	0.0002831987225543496
748	0.00012290807324031195
1752	0.0014472229221591576
1753	0.0004614911503396192
1754	0.0009571738311690302
562	0.0002693850951442444
1755	0.0009104148019244794
287	0.00026438254341377103
1756	0.0002682056835901026
1757	0.0001879008214358924
1758	6.527974529423983e-05
1759	0.002428309434684841
1760	0.0003516758286717712
876	0.0030238302659916522
1761	0.002078337786138478
1762	0.004859786833931511
1763	0.00011969936502143271
1764	0.0021803029740963364
1765	0.007233175806544424
1766	1.1642731390725708e-05
1767	0.00018101854539395485
1768	0.0033690642879933277
1769	0.000971961254197073
1770	0.001022255770618382
1771	0.0013364455226997072
1772	0.001438057986665414
1773	0.000767812096206401
1774	0.002771120778544521
1775	0.007154054717871928
1776	0.0033695025387591245
1777	0.0030847123410080147
1778	4.560866469748254e-05
1779	0.006345096151484317
1780	0.000905493745851148
1781	0.00045354445822599426
1782	0.0002602055755432368
1783	0.00041154590264703885
1784	0.00014366048091149535
1785	0.003103170724015546
1786	0.004812475215818364
1787	9.875094703592554e-05
1788	0.005593533212001539
1789	0.0026248284995965526
1790	0.0002925032040152732
1791	6.96698634762169e-05
1792	0.0001239146532985167
1793	0.002217859963853763
1794	0.0006679453158019677
1795	0.0
1796	0.0003219945623611301
1797	0.0003774475497301632
1798	0.00037754930682731
1799	0.0004234931498757642
1800	0.0038553656487366533
1801	4.07801320516905e-05
1802	0.0001037401071459232
1803	0.0006486834736600658
1804	0.00020640393285972677
1805	0.0011840301157702105
1806	0.0014125507011809708
1807	0.002097532129945421
1808	0.0
1809	1.0268252048837997e-07
1810	0.00013253631618194905
1811	0.0011035793451408531
1812	0.0007701533301795553
1813	1.6703856859096426e-06
1814	0.0012938400167007255
11	0.0007344861968254669
1815	0.0009464198006625622
1816	0.0010384571946749825
1817	0.0028577456312304937
1818	2.0771451271683045e-05
1819	0.0007982773248197994
1820	0.0002817472726170744
347	5.817356720281683e-06
1821	0.0007790669616959435
1822	4.923724018481495e-05
1823	0.002137442468863731
1824	0.001039864784416339
1825	0.0014574659368612086
1826	3.493454363605104e-05
1827	0.004736150742455563
1828	0.0025103556871204666
1829	3.6211705196908437e-07
1830	0.001300229781049831
1831	2.9401166259320183e-05
1832	7.883352461516286e-05
1833	0.0016731156222284558
1834	0.001818916371991338
1835	0.0005103929225815061
1836	0.0003191132605937637
1837	8.373803937325605e-06
603	0.0
294	0.0
785	0.0011387417389701299
764	6.046947737593372e-07
170	0.0004784881581989525
678	0.0
525	0.00013033997125785888
219	0.0007001953602969131
795	0.0002590485743074799
750	0.00014707947225853327
585	1.0898078503944976e-06
128	3.7678712699586224e-05
737	4.513541093959033e-05
749	5.80594421423615e-05
375	8.179659781779372e-05
611	0.0010851896814252104
94	1.181703262229592e-05
235	1.0663550707636192e-05
107	5.524378836190712e-07
614	7.934023289089714e-05
488	0.006266828693477521
177	0.00023794934945473224
736	4.045557751702165e-07
288	7.802308839663582e-05
662	0.0004015474166473507
873	0.0
113	0.00048684480065370637
835	0.00011050674393618762
763	0.00010679995347703149
754	3.558890764790958e-05
101	0.00044419974982511963
777	0.003284639600514483
148	0.00043047130520891297
384	9.175010015773281e-05
592	3.4192408662992464e-05
482	9.027277746773181e-05
602	1.847557162751549e-05
801	0.00018136826114802007
372	0.00019374661914684196
518	0.00028103955901807973
826	2.744072908418351e-05
478	4.741260377431228e-05
521	0.0008679721698271734
406	7.11347744445896e-05
92	0.001444363495506235
370	0.0
692	0.00024155178987643136
886	4.06369666666431e-06
809	9.467291904649221e-05
791	0.00016924388527250232
722	1.7628863117129723e-06
455	0.0007019400529996952
187	1.9646813715651454e-05
867	0.0001696054764682388
588	4.682289935639268e-05
326	0.0015205157164689027
701	0.0008652737031691522
544	0.00015903909795418963
124	0.004867786105620009
613	0.00010121397034206424
248	2.3090491333213994e-05
153	0.0004714149645995854
348	0.00018026253260825184
103	0.00020925754438044742
498	0.00023658679556778632
353	0.001255041252686031
351	0.00013813883833858957
823	0.00025378713765912065
169	0.00031437312984611537
383	4.3200960763043645e-06
146	0.0007341323112803558
751	6.203744200672719e-05
186	0.0
655	0.00014393597351301275
328	3.8310063132156794e-05
727	0.00017542222143074375
859	1.2315325127775647e-05
129	2.3647792573324078e-05
178	0.0013888067213296232
594	0.0004964178363071296
512	0.0006551616625794815
819	0.00022776365290272136
381	0.0004890322232549311
803	4.205152695979897e-05
621	0.0029055177243592946
368	8.276495305821424e-05
526	0.0006535290301299003
666	6.862645364652908e-05
402	0.0002679522985688566
139	0.0
282	0.00015009384754761368
300	0.0011482124693969918
378	6.618471594461353e-06
854	2.9240761138295694e-06
623	0.00016021052700802935
792	2.29640714076009e-06
382	0.002160220876758954
808	4.330545209608684e-06
238	9.476490462994049e-05
479	1.0984953695083176e-06
725	3.4110023770585716e-05
36	0.00022663327880580576
290	5.912854476117638e-06
249	0.00018501835499537753
242	1.7871665148969685e-05
127	0.0003341311797343894
524	0.00028420019241230465
645	0.0
618	0.0020671227222934237
17	0.0006882907763688162
400	0.0
504	0.0001679482247996472
855	5.412370199167446e-07
392	0.0
891	9.669457897898565e-07
667	3.9879078221489096e-05
53	2.1561950573698967e-05
173	1.8574298265028814e-05
465	2.5875684860534774e-05
256	5.635572327072703e-06
879	0.0008923883892281217
42	0.0001443705092493417
52	6.554873355286132e-05
310	0.0007832097449879048
888	0.00040029459088332256
745	0.001420389205873754
333	2.1573375824422173e-05
768	0.0004730943427595815
357	1.1593625882585356e-05
324	0.0002919349029281737
449	0.00011602586221757502
584	1.0898078503944976e-06
132	0.0
825	2.6849460425248085e-05
231	0.002731016431049142
686	0.0002816712252304129
68	2.4464406453543865e-05
79	0.002035718558035606
349	8.762146374052972e-05
345	0.0
408	0.0
806	4.634563528714187e-05
543	0.00014313514873534096
354	0.00010802558259183348
691	3.261596428668193e-05
604	0.000623759256360815
606	0.00011018731782233084
407	8.425178386773343e-06
201	0.0001768226906806138
880	0.0001008902635256009
634	0.00010795472565344883
853	0.0
4	1.9070567442404068e-05
268	0.0006373757931416112
790	0.0002661922567116844
523	2.4051082335543647e-05
638	0.00031290226321430093
473	0.0004074950659907053
556	0.00018150577059399561
700	0.00017865495567593846
109	0.0002288255803759159
86	0.0002760700248181756
322	0.00013525961097003497
352	0.00010629735689161416
298	7.91504783064006e-06
668	0.0003294398047665524
428	4.3823970278290124e-05
599	0.00033217041394027747
167	0.000185983195385192
756	0.00039102056402963014
108	8.786255537967859e-05
193	0.000943405637324351
571	0.00033337502888145713
22	0.00011088501357116877
423	5.463380826919879e-05
468	9.110190504422279e-05
509	0.00012148364922715193
111	7.909609918223914e-06
302	0.00023355833864014704
14	0.00011082374249626234
270	0.00041928114976198805
628	1.0286800474327818e-05
674	3.612021908571349e-05
654	0.0
278	6.25497387566369e-05
814	7.442372005312558e-05
356	1.684205532509999e-05
172	3.6268325552286964e-05
747	7.286774819173073e-05
404	6.983931382316614e-06
259	0.00022255294443227654
207	0.0002189016657473953
607	2.6179129386621583e-05
257	0.0001333823902551464
652	0.0001396718806166749
226	0.00010773190104602825
657	0.0010198337999705036
241	2.733626075112532e-06
643	0.0006581550174813154
862	0.000161138686199463
444	0.00022483813315926236
782	0.00020916577682457576
396	3.650136326433653e-06
661	4.727693237772967e-05
732	1.7785825785318408e-05
794	0.00013520021898020466
395	0.011128934429235406
565	7.636367400731066e-05
462	8.930189259992174e-05
327	3.563821350061495e-05
292	0.0
530	2.6865158972257e-05
821	4.9294390941376974e-05
147	0.0015789360392046757
533	8.581970710163302e-05
896	3.953326425041744e-05
419	0.00021600887962745023
510	0.0
656	2.3574932475594452e-05
215	0.0002610600364663391
878	0.0001646351555133156
827	0.00022944990634574092
160	5.997350619599003e-06
615	5.67133735750859e-06
593	0.00012172986420300962
605	0.00014068360602344972
275	0.00010658482283354483
431	0.0006515214862222603
548	5.592551534929695e-05
386	2.912632025420036e-06
453	2.226001166266796e-05
587	0.00012151095070688894
586	0.0
286	9.787268322267283e-05
410	0.00023983299475960836
394	0.0
561	1.570475229763538e-05
755	4.258753908940355e-06
341	0.00031028990989490876
708	4.210421075926587e-05
156	1.8969202472404095e-05
399	3.619750426595477e-05
57	0.0017777335572573098
162	1.2750239313934639e-05
388	0.0002814810273833481
612	4.0891508477329224e-05
631	2.5558797003407565e-05
112	2.998649761746801e-05
311	2.530346839389951e-05
403	0.00017777908976799624
117	1.335117884808157e-05
39	0.0006404866984579422
757	0.0004954514299985646
589	6.93657372638219e-05
824	0.0
659	2.3465547547648047e-05
514	0.0003420979530340083
271	3.317776940634943e-05
877	8.751012411621379e-06
221	3.911950639363839e-05
5	0.00017311694116004783
572	6.6018453208106e-05
731	7.541668365229782e-05
856	0.00010024176615195701
181	3.586882395509801e-05
70	2.5541273578407888e-05
673	0.000927837944264076
123	0.000148869467662806
670	0.00039270441796585703
688	3.4406396973012414e-06
617	0.0006036087295246895
130	9.614041824856535e-05
641	4.733796921891582e-06
350	0.000176870947960317
707	0.00011595610870563737
359	8.108367184916739e-05
273	0.0003098089214954107
50	2.582891195749386e-05
716	7.97592031497222e-05
486	4.011670682241809e-05
306	8.706926046631569e-05
626	0.0
362	0.0002037218943994991
61	5.116410491653276e-06
206	9.558517567771685e-06
663	2.2718785185380878e-05
660	4.306395493622829e-05
671	0.000185105218335962
608	0.00024281742044790532
152	0.00029037935839628526
430	1.1130726286991931e-05
786	3.7192286252403447e-07
398	3.19808359747511e-06
436	0.0002998922583945498
176	0.00016388917622381382
143	0.0
811	0.0002085444205316758
866	0.0001430557431226482
703	0.00031035519499966237
91	1.1044815019927483e-05
190	2.888297757299787e-05
513	3.979308006907238e-05
304	0.00040898560647788446
254	0.004724165648336354
546	2.855142041108851e-05
485	0.00012116358079436291
457	8.199452767296063e-05
718	0.00018861847672992015
171	1.6668534256112915e-05
41	7.792046012573657e-06
16	8.56146229165523e-05
458	0.00017993473985020267
360	6.107943124610479e-07
483	2.1114509035380282e-05
279	1.6592399261513884e-06
28	5.209516446629387e-05
610	0.00031081986052198114
836	3.2205518293400712e-06
697	0.0005042593128207655
295	1.6767034497561143e-05
538	1.4825894752933913e-05
303	2.0360130084917473e-05
637	6.564659489746895e-06
726	0.00010646953202370386
557	4.7303594587459906e-05
694	1.5367962122702423e-06
51	3.1702629627430326e-06
481	7.617570273798271e-05
208	0.00021315225471827827
134	0.0006268759759319571
438	2.9089685784949554e-06
884	0.0
733	0.00019679482448005126
698	1.0898078503944976e-06
76	5.025453188893469e-06
547	0.0
784	2.3243240377614156e-05
489	4.89039261014602e-06
412	0.0002996403096736164
63	1.4745706928378242e-05
33	0.00011725949099481078
520	6.836962709150962e-06
426	7.607136219729906e-05
307	0.00014693617770843997
640	0.0
137	7.756181032782792e-06
860	9.348162555027373e-05
232	1.22459871927723e-05
126	5.5122315568542216e-05
230	0.0005948262357597812
493	0.00023659802330125922
629	3.0794979387981085e-05
413	2.2028997978556578e-05
704	0.00013421610650211804
776	1.3968307766087722e-07
150	5.34263446297672e-05
397	7.75982899027533e-05
781	2.7843882660329112e-05
445	2.3462207528896445e-05
775	4.5903084815961955e-07
601	5.453963437918964e-05
841	1.6001448261329577e-05
188	1.2415836133946743e-05
760	1.4883304862606249e-06
899	0.00017125284654102255
540	0.0
363	0.0007859329192068067
194	0.0002082229578452297
822	6.735542405023103e-05
578	0.0004434705686764636
894	3.9531675916395504e-05
250	0.00013047139013666403
527	2.7728549449706978e-05
267	9.882842640607173e-05
224	7.03342189725992e-06
582	1.1372922602749571e-05
390	2.2722803094823894e-06
38	1.2221418404184233e-05
369	0.00016078776857931504
321	1.7373582423504686e-05
762	0.00016869943308335574
161	0.0
62	0.0
105	5.092780405326791e-05
223	0.00013789449591144633
744	0.0002103298284569043
549	1.2369040858820138e-06
730	3.146236403431074e-05
471	0.0
475	2.1371700476475085e-05
32	0.00015416693488143882
832	0.0
389	3.8485368101282665e-05
15	6.989519455045763e-05
335	2.8515558587223643e-05
889	2.6035872499538767e-05
828	6.038720601066254e-05
325	1.4177628289653915e-06
632	0.0
417	6.839870587314175e-05
114	1.908300470197383e-06
243	2.0716011704824914e-05
717	0.0
890	0.0003706065603965715
229	0.0001677608780635975
898	8.946016959131275e-05
355	9.004387756435489e-05
291	7.112978097123586e-05
845	0.00014208354065734364
897	2.1881875416461126e-05
440	0.00019936242702649863
314	3.336368825710986e-05
179	0.0
689	0.0003267335335814388
227	0.0
236	2.8618582144964154e-07
729	6.738798805437442e-06
699	2.0182027889174017e-05
463	7.017888365417653e-05
646	1.1773139669440344e-05
421	3.0356289323179298e-05
895	0.0
644	0.00018971636148860694
276	1.242437443596393e-05
44	3.673807104876892e-05
316	4.6106130106256794e-06
13	2.1925011536078727e-05
269	3.866286925209743e-05
682	0.0
142	0.00019660729875969438
262	0.0
95	0.00016567181511471308
272	0.0
81	8.7588880125536e-06
693	4.75394649418814e-06
574	0.0
380	1.5186799551915253e-05
738	3.929817026921828e-05
74	2.8703785814295934e-05
793	0.00034235888556906065
97	4.11738014796081e-05
560	8.683054338605545e-05
264	0.00023581098529009616
3	4.854400859924184e-05
746	5.412370199167446e-07
805	0.00041791107930834155
204	0.0
552	0.00020825679459397057
851	0.0
289	0.00011643558583136792
769	0.0
564	0.00020457798916035367
767	0.0003527370724440952
87	0.0
73	0.00018549422838962497
184	1.2178311545295871e-05
719	2.329717933438494e-05
309	3.877939728453721e-05
263	1.552433720359533e-06
771	2.4239262757541175e-05
627	2.946016622540316e-06
145	1.9439606896796345e-05
358	1.053425987396257e-05
220	2.4322070982940076e-06
852	0.00010740382845669863
680	0.0001359953581953044
723	1.2371343663325102e-05
789	0.00020823632056452828
709	0.0
596	5.044396100393994e-06
650	2.6805342846182052e-05
802	4.612899709237856e-05
165	4.606360349054345e-07
401	4.0436500591772025e-05
24	4.206548589443294e-06
542	1.273130343755637e-05
630	3.6090783004527814e-06
338	0.0003191510457250244
233	0.00019855042400557767
815	1.3604867351165983e-05
260	6.667592159590494e-05
633	1.933196120277261e-05
773	0.0007442020573714554
35	2.8254833893424914e-05
818	5.740487260158884e-06
846	0.0
281	2.630432037016211e-05
712	0.0
58	0.0
82	0.00011923544094807226
203	1.9002046453599077e-05
66	0.00012671234486399493
573	7.536992722655366e-05
508	3.568280726074741e-06
566	3.4109132818317207e-06
317	2.353368373474473e-05
125	0.0
387	0.00022944964295487167
19	4.9398749641544705e-05
141	0.0002936072686028568
296	0.0
119	2.3644475465735054e-05
313	7.761978692672741e-05
758	8.641284320320482e-05
532	9.245195637851799e-05
559	0.00010360379277826554
189	9.55839715257528e-05
881	0.0
681	0.0
158	0.0
487	0.0
261	0.00010003402460396054
507	3.3080141576621766e-05
734	0.0
834	5.1198063743767494e-05
459	2.4397717749487147e-05
783	5.7213463867167716e-05
55	5.364676639645653e-05
376	1.7719749556977167e-05
283	0.00043608374450862964
696	2.9781104947933907e-05
779	0.0
563	5.997350619599003e-06
804	3.44902968185631e-05
620	0.0
182	1.3554980116358571e-05
71	0.00012583478327250864
545	0.0
882	0.0003325354566588171
293	0.0
496	1.5493053459582175e-05
715	0.0
555	0.0
695	5.848009921719325e-06
501	5.239384133526088e-05
812	0.00014407840045795967
780	0.000972255084845789
99	2.7067168194350754e-05
753	0.0
373	3.6760805823332832e-06
89	0.0
234	0.0
217	0.0
454	7.311832506687063e-06
887	0.0
598	1.2665376457635129e-05
149	3.021287542234647e-05
522	3.6013378644409555e-06
830	1.3408382075398767e-06
346	0.0
198	0.00019068509029245443
45	3.701285176399395e-05
331	7.295010927887346e-06
833	0.0
515	2.2908137890262202e-05
106	0.0
451	0.0009587617317400691
807	0.0
864	0.0
418	0.00012284424331290259
816	0.0
874	9.793676674347338e-06
467	4.5872302781074556e-05
159	7.853782999681882e-07
299	7.528065461806876e-06
64	2.408207223136919e-05
218	7.519149876681323e-05
409	0.0
420	9.796530547771066e-06
252	5.60010069388046e-05
26	0.0
432	0.0
752	4.6886024289697205e-05
761	1.2780652713235395e-06
135	3.775883852181675e-05
600	0.0
721	0.0
48	0.0
237	8.77072127795301e-05
228	0.0
340	0.0
739	3.9800854740010566e-05
848	0.0
377	0.00024150931998944184
209	1.0728136558963675e-06
541	7.825189725586429e-05
505	0.0
422	1.1710763546231643e-05
647	0.0
529	2.5500756444903475e-06
787	0.0
690	1.4799396482125519e-05
642	0.0
30	0.0
305	0.0
714	0.0
863	0.0
253	0.00010814955797234679
595	3.38027778999044e-05
244	4.5021545439330625e-05
216	4.742504910874106e-06
770	0.0
492	0.0
720	0.0
875	9.327505567523481e-05
301	0.00010574118328479861
517	0.0
648	0.0
590	0.0
116	0.0
460	0.0
441	1.5823134651051218e-05
684	3.857661688996472e-06
391	0.0
885	7.536992722655366e-05
344	4.5903084815961955e-07
495	1.8699628251824233e-05
393	0.0
575	0.0
323	2.067347252878761e-05
443	0.0
576	0.0
416	0.0
687	7.541542998485997e-07
133	0.0
450	0.0
742	0.0
54	0.0
499	1.2445544660189134e-05
872	0.0
743	0.0
247	0.0
121	0.0
765	0.0
799	0.0
774	0.00041823213898334517
653	0.0
798	0.0
18	0.0
685	0.0
477	0.0
202	0.0
174	0.0
528	2.6708310211029e-05
635	0.0
677	0.0
192	0.0
619	0.0
240	0.0
168	0.0
367	0.0
439	0.0
516	0.0
297	0.0
364	0.0
470	0.0
9	1.2315800661719707e-06
639	0.0
246	0.0
740	0.0
84	0.0
535	0.0
