0	0.00045172413391821433
1	0.07391250899499076
2	8.896041782733556e-05
3	0.00019445690895595285
4	0.00019707709279936418
5	0.00044108832015064315
6	1.6154934457082143e-05
7	2.0665891559304343e-05
8	0.00020576394371163258
9	1.0984921466539791e-06
10	0.0008057610807395543
11	0.001435503100411283
12	0.0006089986854593243
13	0.00021930948650864476
14	0.00019746282748494867
15	0.00030809498753034203
16	3.261256807192781e-05
17	0.0011623962456165315
18	9.935366749360834e-05
19	0.00026963143164569975
20	0.0005424399790258248
21	0.00011567396676542678
22	0.00045020802888761415
23	0.0003024581231756949
24	7.94624296105872e-05
25	0.09939801802437112
26	0.00014060669058821806
27	0.26902889280753434
28	0.00013547592521374264
29	0.0001682024147935033
30	0.00014847128977516668
31	0.0072674671161870145
32	0.0008729243295673997
33	0.0001099032751336107
34	0.0006188708604043704
35	0.00020736250013157127
36	0.0003491150997356773
37	7.92347154704717e-05
38	1.2242066756431967e-05
39	0.0008891178211268589
40	0.0008142466216508275
41	0.000435853403508971
42	0.00019998250101244252
43	0.00040517847374273944
44	7.620316862613446e-05
45	0.0004045116248348796
46	4.9369898689090486e-05
47	0.0033706813352982925
48	0.00013783760013667194
49	4.437388497123303e-05
50	9.380391444242353e-06
51	0.0002494999778325697
52	0.0008646321868375425
53	1.8507192855052878e-05
54	0.0016071142515625815
55	0.0003168690407493743
56	2.6412850802468117e-05
57	0.0036791042002168248
58	0.0013779023287996115
59	0.000513459786710518
60	0.0010389005842031181
61	1.1235543387831787e-05
62	4.2862997002869577e-07
63	6.050767198839677e-05
64	3.5388394455068836e-05
65	0.0002572620057710149
66	0.00041513423569568286
67	0.003058844606854747
68	1.1431553049906728e-05
69	2.116594135142474e-05
70	0.0009201452502363879
71	0.00029520308668837394
72	0.1157383238653805
73	0.0012493511453152523
74	0.0005071787686665069
75	0.0001989358260078846
76	1.1673739255769096e-05
77	0.0007059547501030703
78	0.0
79	0.004550112827278303
80	0.0003742929947580086
81	1.983134255404841e-05
82	0.0006552307560615957
83	0.0019606086932123243
84	0.00018828409052288526
85	0.0002878949806883265
86	0.0006139780176124929
87	2.359447147623267e-05
88	0.07311394823325582
89	5.8302128455920494e-05
90	0.00015008838177656806
91	0.00037771047142112275
92	0.002219192498317813
93	0.0014801114920684761
94	5.2326119574799356e-05
95	0.0002920997362613714
96	0.00016492569033868212
97	0.00035388238891331233
98	0.0019129745853797946
99	0.00017986448794883315
100	1.3908293141007109e-06
101	0.0010843810316282833
102	0.007422988387310161
103	0.0011185164223216338
104	0.0003549484469072149
105	0.00024233506911098523
106	3.112717878368629e-05
107	2.7741283140110808e-05
108	0.00019303040036495876
109	0.0002478100482784659
110	0.011815807837029728
111	0.00023831860690173978
112	0.0002615607716577705
113	0.0010141918382531685
114	0.00022111185347270667
115	1.2671285275345482e-05
116	0.0003389875923068142
117	0.00015394571857877255
118	0.0008490169509056456
119	0.00013810532471430058
120	0.03644239033000161
121	1.4403373602951814e-05
122	0.00015497213319726693
123	0.0005964131775093754
124	0.007431358581906676
125	0.00014598288968001096
126	0.00010336851854096618
127	0.0010043123600531705
128	3.389678042607511e-05
129	0.0002687747736030928
130	0.000495971044641381
131	0.00011664544360907536
132	0.00025308938090433587
133	0.0001727420897215073
134	0.0007450307055372949
135	3.5039478775657115e-05
136	0.0005156073375313332
137	0.0009026751929142811
138	0.0
139	1.4048918773742601e-05
140	7.915428656808176e-05
141	0.0006780417334292412
142	0.0001479131918028267
143	6.240644398214862e-05
144	0.00017866472545069952
145	5.106738184486319e-06
146	0.0020460945765657457
147	0.001786013469065868
148	0.0004852264908261447
149	0.0003865945541555711
150	3.215953106209837e-05
151	4.44402143575113e-06
152	0.00016076409055402387
153	0.0007980759963195678
154	0.00015935313602261794
155	0.00011397766775380262
156	8.937552216010464e-05
157	0.0005576630877804661
158	0.00015600691796288033
159	0.00010127300600888738
160	5.417719903760125e-05
161	4.331092662337243e-05
162	0.00014903072787832494
163	0.0012909638378245337
164	1.6704047483086525e-05
165	1.4972898505979964e-05
166	0.007710068474360216
167	0.00029887394526333555
168	2.1715592143566053e-06
169	0.00032957669742076794
170	0.0004372476609728436
171	1.4144565037068241e-05
172	4.903181677714983e-05
173	0.00017765940172885265
174	0.0002251965450700568
175	0.0007467363330508457
176	0.00018037235514953954
177	0.0008318775239704142
178	0.001061080288668866
179	0.0002344358333396718
180	0.0011037238496228964
181	6.6533209632025e-05
182	0.00010493364035793674
183	0.00017175632379145465
184	6.62421694438717e-05
185	0.00030366324912406407
186	7.595035426202775e-07
187	0.00016880523656201892
188	0.00020237792513695273
189	0.00014333841062630888
190	8.145790320486842e-05
191	0.0012144389984105328
192	0.00013626162622773182
193	0.0015352461178452898
194	0.0009291889989036673
195	0.06432067080504589
196	0.00022968102489921593
197	0.006082195023119425
198	0.0005722140758651924
199	0.00010141246213092582
200	0.00025821080614621194
201	0.00021826171820577326
202	7.663330117257053e-07
203	0.00035654482321002807
204	0.0007121070468414128
205	0.0
206	0.00041439809194092103
207	5.8541357998577324e-05
208	8.060454556086129e-05
209	6.54240027594771e-06
210	0.0012754242408868056
211	5.575353287496448e-05
212	0.00032841787281158533
213	0.0
214	0.004062521510970415
215	0.00017624018361821095
216	0.00012888675681353292
217	1.6715919161022988e-07
218	0.00028720733701721144
219	0.0004420474677714222
220	7.377497089347597e-06
221	8.333405487928452e-05
222	0.0006943765022290024
223	0.00019103929513281462
224	0.0003205578524082333
225	9.578806453257812e-05
226	0.0007825972308249817
227	0.000343394642971924
228	3.7315071342108744e-06
229	0.0004189490961252868
230	0.0005647873225062048
231	0.003068974659987744
232	0.001113681209026689
233	0.0003718927423755044
234	0.00023208795931692412
235	0.00014864504358832255
236	7.442204573120421e-05
237	7.156656175072824e-05
238	0.00012291176330488885
239	8.772402119419946e-05
240	2.28798163887608e-05
241	0.00010297050270047243
242	0.00011352447126348808
243	2.4848885523945156e-05
244	0.0002172075694299004
245	7.160679576542086e-05
246	4.9845362969873885e-05
247	0.0001350717085456199
248	7.184801892549466e-05
249	0.00018831215684089297
250	0.00014525790608500884
251	0.00011664283266125382
252	0.0002064372388184054
253	0.0006950754424572457
254	0.006480027482445432
255	2.363915927650896e-05
256	3.4958476787736475e-05
257	0.0008613017865820435
258	0.0004232952413929034
259	0.00036273750966223886
260	0.00010575756972292854
261	5.9412847789029686e-05
262	7.126602982087867e-05
263	0.0002019859184012847
264	3.135304195184689e-05
265	0.0
266	0.005869029677619384
267	0.0002918538829787292
268	0.0005857950583200753
269	0.00019673346076620662
270	0.0004179583690717986
271	0.0005844393890556412
272	0.00040693949038163714
273	0.00031727478322103494
274	6.596263399414434e-05
275	0.0001852490542663897
276	4.6284777461667933e-05
277	0.00044479945296124263
278	0.00013218773495846667
279	6.231341928540319e-05
280	0.002885690991327794
281	0.0006148156737509604
282	0.0011043097619045001
283	0.0002747642477199284
284	0.0006242486200434263
285	3.6724174200414667e-07
286	0.00015935809136548456
287	0.00013579019378039082
288	0.00023848391456615976
289	0.0003300471371779972
290	2.780667457068855e-05
291	0.0001563714862794409
292	0.0006221054216920634
293	0.0001052673816313092
294	8.914144236438951e-05
295	0.00012360217124735584
296	0.0001736227019026135
297	4.8239288474143895e-06
298	6.926737244859325e-05
299	0.00010601371538045624
300	0.0007787748878079193
301	7.33761067425679e-05
302	0.0005914808201972307
303	8.96463898879938e-05
304	0.00021205331704510878
305	0.0009425300338203983
306	0.00011180914980481861
307	0.00026635655601345824
308	0.010146646584171751
309	0.00015032848525793431
310	0.0005491280542702432
311	0.000618827163245709
312	8.479082199165204e-06
313	0.0004989993194345128
314	0.0005588622590462972
315	0.0012007504632003012
316	7.895241120607977e-05
317	0.00046904941485152306
318	1.2672293472463727e-05
319	6.068240801986181e-05
320	4.113552136616844e-05
321	0.00016735193115599955
322	0.0004683951927021153
323	8.090471880942557e-05
324	0.0005779143251744253
325	0.00025755636621650144
326	0.0020302439917613316
327	0.0003972780394102568
328	1.736472952030462e-05
329	0.0
330	1.7816776041083735e-06
331	0.00022025438763191582
332	0.0017077565904560566
333	7.720433020139454e-05
334	0.00015121900836014278
335	0.0001718624777569817
336	4.9369898689090486e-05
337	0.005085693387269088
338	0.00038525820206290436
339	0.0007280915711821071
340	4.484649885822599e-05
341	0.00044425653469787286
342	0.0038350286363886916
343	0.0019038996736448408
344	0.00021383601242163608
345	0.00010816182114842906
346	3.8578353418975674e-05
347	0.0004506225196002335
348	0.000115301887974477
349	3.3184170973612586e-05
350	0.0003670144617572355
351	0.0002731494709830609
352	0.0006170434494343325
353	0.0011630644358598806
354	0.0002935606417900198
355	0.0002394222640784417
356	1.6602663017893884e-05
357	8.65599169113658e-05
358	4.917894076777053e-05
359	7.547553611814232e-05
360	0.00026728526774425236
361	4.271200532104128e-07
362	0.0007533154029961077
363	0.0008173763323916307
364	6.119472504957268e-06
365	0.00021570721040966258
366	1.6393860526234761e-06
367	0.00021220566288214425
368	0.00013952792575259846
369	0.0008573074195743305
370	8.621165433810282e-05
371	0.0049320445421891495
372	0.0002444078999601463
373	2.4565022070689226e-05
374	5.380673966433332e-09
375	0.0007876931811094602
376	2.2523069005462143e-05
377	0.001277897911020537
378	1.5621743062072025e-05
379	9.144579415648548e-05
380	9.893776998492636e-05
381	0.00027518766374128864
382	0.002415612588863019
383	0.00030746450481569643
384	0.000255248887155264
385	0.00010464361525794748
386	0.0010799353403253113
387	0.0005489947649197234
388	0.0003036330167499521
389	9.535309877859151e-05
390	0.00021362750234671284
391	8.467145632854943e-05
392	0.001039901516149048
393	2.258287138631127e-05
394	0.00017188827725712598
395	0.011218996401591765
396	0.0003678965733999164
397	0.0008956164384264051
398	0.00013349251768849323
399	7.810469152116159e-05
400	0.00013597237053656965
401	0.00029198343891810764
402	0.0004436198736682088
403	0.00010311384452527987
404	0.00021753598055016644
405	5.380673966433332e-09
406	0.0007826883002575319
407	0.0001662556670305045
408	3.012231978920684e-05
409	0.00012615761672915503
410	0.00010846505372790705
411	0.008488840988065134
412	0.0006396406291778703
413	5.025951886494101e-05
414	0.001903328308763311
415	0.0
416	1.108939963210182e-05
417	0.00012425234147792728
418	9.349742277329898e-05
419	0.0010254818154219066
420	0.00012998342462851374
421	8.473145320927733e-05
422	0.000924147313967981
423	0.00029897041683726015
424	0.0007234924946034137
425	0.000165587596233466
426	0.0006910414036304482
427	5.380673966433332e-09
428	0.00022522392840263367
429	0.0004810137678276595
430	3.044238102316239e-05
431	0.0006296035165608753
432	1.543768704377919e-05
433	0.0007048741299796116
434	0.0
435	0.008083187764206363
436	0.0009928663973639736
437	0.00013081582261578764
438	8.036850774088791e-05
439	0.0001930470682843775
440	0.00026222199097057023
441	0.00014080132659238787
442	0.0004203362366998528
443	8.41594445764597e-06
444	0.0003955175707992258
445	0.00019653501325865322
446	5.673317858161261e-06
447	0.0009710397043521852
448	7.610124770432383e-05
449	0.00018328210660209304
450	1.1524638259342122e-05
451	0.0018980694083549213
452	0.0002685846622286623
453	4.098435379257759e-05
454	0.00017479068779420383
455	0.0013793111027301734
456	0.0009111295904881879
457	0.00043690072493201914
458	0.0001450838087539891
459	0.0004459214674312943
460	0.00015678463275177264
461	0.0005677936798464101
462	0.00010681677579769375
463	0.00011775844812788718
464	0.00022185609182462653
465	0.0002888536963523854
466	0.00029642431819240704
467	0.00047190355851489094
468	0.0007696022994506565
469	6.031312993760109e-07
470	0.00016407650077648897
471	0.0001765239129349118
472	0.001788944366869953
473	0.00043537025989838534
474	8.205605608293025e-05
475	0.00017006520848747577
476	0.00010571139952514182
477	5.0563718729571074e-06
478	0.00014506565387042877
479	0.00011176646175585469
480	0.0018868872856907283
481	0.0006142508427093025
482	0.00016262592034311073
483	0.00011258218386981343
484	0.0001628269632535473
485	0.0006696738283057842
486	0.0009341895398313193
487	2.0135244306560967e-06
488	0.0055794807696454615
489	0.0003938203486564971
490	0.009605845989666847
491	6.687767477086368e-07
492	0.00012328416693570816
493	0.0013704924213838437
494	5.360746033063753e-06
495	9.984222213349441e-06
496	0.0002045399521631004
497	4.9369898689090486e-05
498	0.000453055017699035
499	7.858226378883622e-05
500	7.546728135746124e-06
501	0.00042268568397703696
502	0.0
503	0.0001387127318552432
504	0.00034978045584626487
505	5.979857218960259e-05
506	8.751984247157927e-07
507	0.0007553001561876362
508	4.2333879600382846e-06
509	0.00010357772110796593
510	0.00016486172972347867
511	0.0013013123586802173
512	0.0005534943777904339
513	4.819368261696141e-05
514	0.0003410259740290514
515	0.00016682365661001216
516	0.00036826700198041695
517	9.173304934238882e-07
518	0.000202592118744159
519	0.00016229859323307127
520	5.5032957718876356e-05
521	0.00042776245715379056
522	8.323548946567887e-05
523	1.564479700866784e-05
524	0.00019938608628203828
525	3.7757058950090934e-05
526	0.0005328978971368001
527	0.00012470801979228547
528	0.0004952267649506501
529	9.898665560353083e-05
530	0.0002602849429320774
531	0.0026105377887690887
532	0.0010310156513289848
533	0.0007598770811424901
534	8.170963066827336e-07
535	0.000327883378453757
536	5.065621525133933e-05
537	2.094922879856089e-05
538	0.00017275101514555035
539	0.001907763453518105
540	0.00018952409357510084
541	0.00011684493586230639
542	0.0006817337981733165
543	0.0001479124795182746
544	0.00028066448170087815
545	3.886509432100875e-05
546	0.00010471721845627064
547	0.0002453839897609201
548	5.8962325268021057e-05
549	0.00010681855191317657
550	0.0002489530589485986
551	0.0007108910986570191
552	0.000867365318529034
553	0.00016539895906468255
554	0.0009043095577686223
555	0.00021820738761660027
556	0.00035340756606722524
557	0.00016081781414353845
558	0.0006984683055341074
559	0.0007278885963879995
560	0.0003672585153230983
561	0.00010834482252206355
562	0.00039732629020623766
563	5.870493102858322e-05
564	0.00039613435688682876
565	0.0003876773087335753
566	0.0001460838988762738
567	4.226546789451029e-05
568	3.1193958432113635e-06
569	0.001766329335528
570	0.0001872500007191351
571	0.002209732309794309
572	9.433659492131103e-05
573	0.0001070647474361902
574	0.001203324324682106
575	0.0002138707687066281
576	3.932588466781453e-05
577	0.0002231451601855068
578	0.0005476169992512399
579	6.023399234617648e-06
580	0.0005130574188563531
581	5.380673966433332e-09
582	0.0002613149305776875
583	1.716057648168052e-05
584	0.0002549326300598542
585	5.579579120716136e-05
586	0.00043161438791139005
587	0.0004311214256281734
588	0.0002145958847573732
589	0.00014187076108488128
590	2.9144857565210674e-05
591	0.00012722894503459134
592	0.00031228227656890183
593	0.0002565342442443068
594	0.0002110353151322057
595	0.0004885720217629984
596	0.00022921515278934005
597	7.726328188463532e-06
598	9.856922722745869e-05
599	0.00020864256036102257
600	0.00011830440231053024
601	0.00011130829520479035
602	0.00010848079229532687
603	0.002061107389147865
604	0.0025411011212198003
605	0.0005509144769988058
606	0.00010400805513909483
607	6.204450358333523e-05
608	0.0003558453102745502
609	0.0009978135170144388
610	0.0015106603904199696
611	0.0024755951557522094
612	4.140123005165482e-05
613	0.000658073082357927
614	0.00010194768826747867
615	9.545618638873081e-05
616	0.0011836411941809433
617	0.00032837728183629695
618	0.0009626870914520447
619	2.1607278764345786e-05
620	8.021470941914683e-05
621	0.0024965142483036563
622	1.7707407452697814e-05
623	0.00032328579892833146
624	4.028256224817917e-05
625	0.0010258317000711647
626	0.0002451862282784766
627	0.00014835879307232387
628	7.112730194155704e-06
629	0.000453767655075229
630	5.034249438573023e-06
631	7.288115058799351e-05
632	0.0004372771916114129
633	0.0001130722756929572
634	0.0002736784332682352
635	0.00013679221111208317
636	0.00027403445027032703
637	8.489895746935367e-05
638	0.0004349596525455286
639	0.00023308212798330312
640	0.00011051930926660185
641	0.00015714946644832298
642	2.3674580838713338e-06
643	0.0004135516065782426
644	0.00011944512577542433
645	8.558002886881998e-05
646	2.539549555781526e-05
647	1.7418334489816557e-05
648	0.00020261884206953495
649	3.17459506789656e-07
650	0.0007840038616368342
651	0.00038451909953477023
652	0.000273198682502897
653	0.0004334310553445355
654	5.098685956463967e-05
655	0.0005577365930918017
656	7.13127890584854e-05
657	0.0013263828538213676
658	0.00018385448940370295
659	1.180482086467887e-05
660	0.0003739838056196573
661	0.00016085964997231958
662	0.00016858147154776563
663	0.00010860132111891347
664	0.0007553061919156032
665	0.000981756835940004
666	4.503718640928518e-05
667	1.5217657816960817e-05
668	0.00014516867093425928
669	0.030431132067178426
670	0.0005311766673247769
671	0.00036106004032188376
672	0.000264313356645903
673	0.0004317657695167545
674	8.611028109456424e-06
675	0.001921806038861053
676	0.0
677	0.000693225653375777
678	0.00020628871151644884
679	1.937534728680136e-05
680	0.00010689504628028754
681	0.00022163654619325167
682	1.4740328273129841e-05
683	0.0
684	0.0011334414849998955
685	3.3629922656070984e-05
686	0.0008895598819495244
687	8.594592079200721e-05
688	0.0015105168329947825
689	0.0003701132891037144
690	0.00021153160215909236
691	0.00014265662024638053
692	0.00024878872386962066
693	3.87471968284279e-05
694	0.0002912246381588766
695	0.0005258393671974985
696	4.3077041642159814e-05
697	0.0006805817843065263
698	6.378806178570365e-05
699	0.00022285858774582568
700	0.00036835053833769726
701	0.00044487121236877746
702	8.630736050728358e-05
703	0.0003130521139393395
704	0.0001632557216905173
705	0.0007707537887559036
706	0.00011454336946390725
707	0.002320272528906873
708	0.0002418206001010387
709	3.642740644107842e-05
710	0.0003623017079597535
711	0.00016658555119840278
712	2.2942222102671468e-05
713	0.00035494395859186586
714	7.94900552724819e-05
715	4.685743516605727e-05
716	0.00014420802683356594
717	8.048716351744766e-05
718	0.00013626267597942232
719	0.00022375093660088663
720	2.2599251960849986e-05
721	0.00015570184244222696
722	0.00017532308843301556
723	0.00029631291906358356
724	0.008045779092682483
725	0.001118139064149225
726	4.244711036143421e-05
727	0.00028652163411601526
728	0.0002635388977926315
729	1.6258064496386038e-05
730	8.983705881804926e-06
731	0.00020814109030546662
732	0.0003200900293169455
733	5.1851192946875323e-05
734	0.00012412223491227797
735	0.0002558272112061712
736	0.001340518076670383
737	4.153066664641019e-05
738	1.4440467153031916e-05
739	0.0002577167021256909
740	9.52319587302986e-07
741	7.452613324875206e-05
742	2.9132810434349346e-06
743	1.887440965458429e-05
744	0.00019692879952072919
745	0.001273884388069913
746	6.151668144954411e-07
747	0.0001190160979718793
748	0.00031734173160384116
749	9.356896082516477e-05
750	0.00014308677980569086
751	0.00021966379681498288
752	0.0015525659375252372
753	2.8607562259349026e-06
754	0.000342766803994347
755	0.0001074122574262121
756	0.0002576122267905251
757	0.0009635641085003593
758	0.0003088376197564008
759	0.00045445907234400367
760	0.00042913230112256323
761	4.848713397836464e-05
762	0.0001579708724017453
763	0.0003504610746966698
764	0.00010807694086112374
765	0.000157344551727674
766	5.8459010006115555e-05
767	0.0006786259739691775
768	0.0015200328748499014
769	5.580167340575202e-06
770	0.00014032960979876028
771	3.196185589377787e-05
772	0.0018769583610383396
773	0.00020788715227392838
774	7.509153852669591e-05
775	0.00011096142540282687
776	5.818118628933143e-06
777	0.004827336662127106
778	9.906046877915829e-05
779	3.023959794498136e-05
780	0.000583087382378141
781	3.8975098301288766e-05
782	0.000717059711890532
783	0.00022780479460302337
784	4.1680756454431274e-05
785	0.0022681667415961047
786	0.00012150885351248679
787	5.39001407469752e-05
788	0.00026523893549896226
789	0.0007643880913670261
790	0.0006813967892242999
791	0.001199279456541913
792	1.9076591159216195e-05
793	0.00039489653388628197
794	0.001461550614314744
795	0.0003342968060244947
796	0.0005386393902571953
797	0.001096428965376695
798	5.9694667496345545e-06
799	0.00025076153223942127
800	3.354518326405707e-07
801	0.0010593335752224285
802	0.0002662825055920549
803	0.00014124075925694797
804	0.00023439119468511
805	0.0004981327031954419
806	1.4391267095565973e-05
807	7.815809522316049e-05
808	5.534705010383469e-05
809	0.00010497129311310807
810	4.4776601309188266e-05
811	0.00013628681640354804
812	0.000252625724712053
813	0.0001614522307929829
814	0.00019249245877335378
815	0.00014501252386626124
816	5.520902505245357e-06
817	9.746022379475526e-05
818	2.495649614667482e-05
819	0.00020478115569810842
820	0.0008062323566560129
821	4.289131446371319e-05
822	0.0002446107031765507
823	0.0005450510610008738
824	0.0002672680676826136
825	5.5363770996711954e-05
826	8.512533824668684e-05
827	0.0006663605163620282
828	0.0003415536746068512
829	4.6433607140846896e-05
830	4.5243690306702886e-05
831	4.2620664096559796e-05
832	0.00013616680641533299
833	5.453089826875332e-05
834	0.00011084840433168426
835	0.00018890996870554359
836	0.00013196245914253251
837	0.00024576377243508554
838	0.0006939807898192756
839	0.00010706690019997417
840	9.368649869146197e-05
841	0.0006481467415777166
842	0.004613061928594406
843	0.00011706002658186845
844	0.00030845438479661937
845	9.942210152475992e-05
846	0.00042357608723182745
847	1.9236622858370715e-05
848	5.8044549009989416e-05
849	0.0002061519070619211
850	5.380673966433332e-09
851	3.5226169425153867e-06
852	0.0003864630345172689
853	0.00019778366215727602
854	0.0002517698351419739
855	0.0011866547796832506
856	0.0003364370841313233
857	0.00011259221793796066
858	0.0005715671823511756
859	0.00012409901921076405
860	0.0008457290055253248
861	0.00012545462940036125
862	0.00010617497857710721
863	6.96744227642548e-05
864	0.0001541686584581469
865	2.1404970860005843e-05
866	0.0002331990926279814
867	0.00019900067896222093
868	0.00027535133486984687
869	0.0003027357910832083
870	4.510432246910692e-06
871	8.498959288687808e-05
872	4.917627409640977e-06
873	0.00015337183375824595
874	0.0006901103706297598
875	0.0003273509874917277
876	0.005572084754595588
877	0.0002285877869486484
878	0.0008196975340075482
879	0.0007801059590630591
880	0.0008579156478978359
881	0.000156840273101019
882	0.00031311832010873556
883	0.003193903393833116
884	6.393866092890389e-05
885	0.0003128517665928498
886	0.00010529159988737792
887	6.726960161742132e-06
888	0.0006822370367705396
889	0.00013687282672188798
890	0.000605458667872229
891	0.00011739780991025011
892	0.0007659559273008001
893	0.0
894	7.246596608321595e-05
895	0.00027869952876225293
896	0.000304495612017035
897	0.00024947207973989723
898	0.00012068939513715017
899	0.00013114998553758888
900	0.00024273634106543383
901	0.00017360760986522724
902	6.675227602372177e-05
903	3.879715313697767e-05
904	0.0007899797592482383
905	3.03717093646181e-07
906	0.0017035206573514528
907	6.598106973157126e-05
908	0.00037794197026203556
909	5.380673966433332e-09
910	0.00020548562851430006
911	0.0001569867972124038
912	4.036253450804849e-05
913	0.0005481700918127617
914	0.00030898140952977907
915	0.00017900134159287291
916	0.0008802271442743698
917	0.0008549677443932555
918	0.00010169663610855138
919	0.0003783703836423233
920	0.00022975298631269106
921	0.00014494080779593909
922	0.00023592714108741967
923	0.00018162647486330701
924	0.00011244363762543676
925	4.0252549796381985e-05
926	0.0001635268738307794
927	0.00034442105772846716
928	1.9503001834605497e-06
929	0.00010143789657215468
930	0.001646064053341723
931	0.0003676039662720532
932	0.0004374710192964618
933	0.0010164046281127754
934	6.36881472237723e-05
935	9.06424064954299e-05
936	0.00013092367024462778
937	0.0004668336644738689
938	0.00022286833970273562
939	0.0005292257709543828
940	0.0005457090263738652
941	5.08499387732301e-07
942	0.0002929787254232069
943	0.00037021181466914476
944	0.0005101534935250355
945	0.0008617533144082399
946	0.0002185130543719897
947	4.228115060339745e-06
948	6.946613432090191e-06
949	0.0006471345269939646
950	0.00021780113331162462
951	0.00013793181948634233
952	0.0002001711345948686
953	0.0001371783722977067
954	0.0001616169728358717
955	0.0026704050870817887
956	0.0001744358743701172
957	0.0001528792234442169
958	0.0
959	0.00027475791521165796
960	0.00040524715791999535
961	1.0324430321194363e-05
962	1.5115971027638254e-05
963	0.0003999922167026625
964	0.0002673519905151272
965	1.6531965984884187e-06
966	0.000113053493164894
967	6.523448261552637e-05
968	3.7167481803133046e-05
969	0.00010502151644523638
970	0.00011348188896322654
971	0.00018020686355372078
972	3.0077111776873456e-05
973	0.0001772714894949674
974	0.0001293703988356332
975	0.0004017178732394036
976	0.0004588624920269022
977	0.00014644496950233241
978	6.285227823850355e-05
979	7.546725113337878e-05
980	0.0004366977932839659
981	0.0004976262341503438
982	0.00048112784561327236
983	0.0010846177447909643
984	0.00033196710475441637
985	0.00032240405872625887
986	0.0005221370240765513
987	0.0009808881781710253
988	4.644289252260215e-05
989	4.2167554111701596e-05
990	0.0013896700737158379
991	0.00027816266427191534
992	0.002626610993141734
993	0.00035856983023571735
994	0.0003087401264977192
995	0.00011672488289710473
996	0.0002908801895447545
997	0.0003518263964720447
998	3.5816649905477915e-05
999	0.00011730950080347785
1000	2.7470332293535637e-05
1001	0.0005655630510016586
1002	0.0001466439968316445
1003	3.824637676949946e-05
1004	3.231538410072735e-05
1005	0.0009842651697922415
1006	2.3834120947987437e-05
1007	0.0001358707288470606
1008	0.0012661921255974783
1009	4.689462014597702e-05
1010	0.00010710574081571621
1011	3.252397312092678e-05
1012	7.254384823719586e-05
1013	0.0015050602001608709
1014	0.00016725986600243418
1015	0.000553513834357441
1016	0.00012577756740234837
1017	0.000885554910593904
1018	0.00027290477916508513
1019	6.942518371801493e-05
1020	0.00018619131147914523
1021	0.00033491825668280307
1022	6.570300744841365e-05
1023	0.00014512908779954744
1024	4.7562303312933434e-05
1025	0.0005388796031658742
1026	0.00010020667894896791
1027	0.0004886330948527926
1028	0.00014072814242717377
1029	0.00015340613173360176
1030	0.0004752511745350753
1031	7.578105108040439e-05
1032	0.00016611259683986168
1033	0.0016132561204756665
1034	7.848992567196e-06
1035	0.00023963977739849528
1036	0.00017307650469222812
1037	0.00026308941147667726
1038	0.00041253386369112765
1039	0.000795235769278977
1040	0.00026264914368009354
1041	1.030611733238566e-05
1042	1.0269529522578413e-05
1043	0.00010129997953961062
1044	0.00029451699577711185
1045	0.0
1046	7.271271654661267e-05
1047	4.274333070292108e-05
1048	0.0003409426090281988
1049	0.00014737279320909595
1050	0.00021505952591212364
1051	0.0009549359226986912
1052	8.522532556667957e-05
1053	0.0003058074819075067
1054	0.0002941250521539944
1055	0.0004260215187540562
1056	0.0008767404417421383
1057	9.760599329974543e-06
1058	7.841359997161027e-06
1059	3.879083708169177e-07
1060	0.0004195863322723397
1061	0.0005307557278765889
1062	0.0009428379921363452
1063	0.0002109468027343865
1064	0.0002523844557655938
1065	0.0003173400793821404
1066	0.00020790943996243854
1067	0.00017516262373159426
1068	8.932309105093333e-05
1069	0.0003153622632568232
1070	0.0003393944272762234
1071	0.0003929336509454605
1072	3.2134357544520207e-06
1073	0.00037701898566883677
1074	0.00023729101550730458
1075	5.5639475954786997e-05
1076	0.00016054650802016542
1077	0.00015479530916917512
1078	0.00016227938034302187
1079	0.00040379656655458254
1080	0.00019559341783037442
1081	0.002216573145906612
1082	2.3274977467536688e-05
1083	3.4887535789343366e-05
1084	0.0021788209721438053
1085	0.0003065985902095689
1086	3.609341109141123e-06
1087	0.0001090985893456313
1088	0.00026667278901876436
1089	0.00042085752732186425
1090	0.00041656227365268644
1091	0.00047310612867765793
1092	2.0103423683731704e-05
1093	0.00013546281197519063
1094	0.00013853122544230386
1095	1.4357507060012303e-07
1096	0.0005797194127613122
1097	2.405279274991673e-05
1098	0.00019942420496288807
1099	7.247821259850299e-05
1100	2.0309253363066084e-05
1101	0.0002928860040698095
1102	0.0001253135552624334
1103	0.0005545829539899413
1104	0.0003233713701780166
1105	5.0403933118131346e-05
1106	0.00011484224955757042
1107	0.0008307875617046659
1108	0.00011531839203203236
1109	3.138031770989291e-05
1110	0.0004165006478794793
1111	2.839983503554088e-05
1112	0.00014800607807122692
1113	0.0001711897316070012
1114	0.00015262481637153078
1115	0.0005437649542686173
1116	3.5840504254408475e-05
1117	0.0004957418831999955
1118	6.842442886619606e-05
1119	0.0006991866273456543
1120	4.1457699427010415e-06
1121	0.00026529287113671884
1122	0.00014409244917338793
1123	3.400189767727527e-05
1124	0.0015280286115233147
1125	0.00017098816508721924
1126	5.594356809743818e-05
1127	0.0007711265110881104
1128	4.1951871504424296e-05
1129	0.0010052691172895616
1130	0.00025184969598819975
1131	0.00012302084550834614
1132	5.069189518944155e-05
1133	0.0007818369939200667
1134	0.0002887267670686061
1135	3.903882723525576e-05
1136	0.00013138932009283666
1137	0.00026934563910958756
1138	0.0005050456255819912
1139	0.0004830518916735076
1140	0.00018787031990661837
1141	0.001164275019001816
1142	0.0007391319722108943
1143	3.144019266351866e-05
1144	0.0009102963731767746
1145	0.0002467306808724396
1146	2.1234584221299383e-05
1147	1.7263380987537376e-06
1148	0.00032636217168713116
1149	0.00014585542320453282
1150	6.82449201121513e-05
1151	1.0405759322494971e-05
1152	0.0005901300071109743
1153	0.0005781264422432356
1154	4.274046843592407e-05
1155	0.0002450438864259935
1156	0.00024397995551889476
1157	0.00036255823908749846
1158	4.217456650205022e-06
1159	0.00027924368638944776
1160	7.366498929084207e-05
1161	3.056353349359407e-05
1162	0.00011591198567228859
1163	2.0233621722025605e-05
1164	0.0008998495123866782
1165	0.0001487518965677585
1166	0.00020510162134940358
1167	0.0009709322030553749
1168	1.6508964176185843e-06
1169	0.00012905569844468703
1170	0.0001752931260690318
1171	0.00010027946535816397
1172	0.0006160882587442266
1173	5.136112283742776e-06
1174	0.000572332356305106
1175	0.00029225974656106596
1176	0.0001291291289073585
1177	0.00019397133613476767
1178	0.0005548306066459049
1179	6.269462323150703e-06
1180	0.0001320423252197069
1181	0.00011352276517648813
1182	0.00048358197169131597
1183	0.00014445648986025075
1184	9.188754227753854e-05
1185	0.00010538105232051652
1186	0.00011272613310812481
1187	0.0002687846813140215
1188	5.4395058914860055e-05
1189	0.0004053015025922338
1190	0.0017030375443969322
1191	1.8839066600934012e-06
1192	0.00020955936773226185
1193	0.0007930642086719062
1194	0.0002668465551174749
1195	0.0003230561407527257
1196	0.0004102282141951814
1197	0.0005899318839742208
1198	0.010475245234958727
1199	0.00020383251565126326
1200	0.0001912150901556839
1201	0.00015410545580267685
1202	7.126822706738929e-05
1203	0.0007617855143827125
1204	0.00019870598679875415
1205	0.00022023962782727284
1206	0.0003029208034800727
1207	1.2650371930047605e-05
1208	9.102771329413313e-05
1209	0.0003111611756670783
1210	7.503831867375615e-05
1211	0.00039384007849397804
1212	7.253932383219549e-05
1213	0.00014978196120047447
1214	2.6907317854714644e-05
1215	0.00027531909452879966
1216	0.0002520108137813397
1217	0.00012325107661209772
1218	0.00018018607710056209
1219	0.002123927720466391
1220	0.0007164799169801621
1221	6.883537825565054e-05
1222	0.0022194633375637947
1223	8.823516030472418e-05
1224	1.5642311714648983e-05
1225	5.216507629345107e-05
1226	0.00019746702465300972
1227	0.00013767947969188849
1228	0.0001333050320388894
1229	0.00022083075224242662
1230	0.00020079883074690703
1231	0.0010153207133729745
1232	0.00016792345739572004
1233	0.00027854366885065874
1234	0.0004759243372733372
1235	3.558655997454732e-05
1236	0.00010111289649632091
1237	9.102240890839535e-05
1238	0.0004479649706137768
1239	5.380673966433332e-09
1240	7.564105558838657e-05
1241	0.0001021841926900733
1242	2.388697273974682e-06
1243	0.0005056376060790764
1244	0.0001994106987186377
1245	4.128875102554083e-05
1246	0.00031153086416770855
1247	4.985849063921453e-05
1248	0.00021997305022786705
1249	0.00016732403171579958
1250	0.00010629084872402627
1251	0.0005473488894654364
1252	0.00017500667228669543
1253	4.4358264364335817e-07
1254	6.815707910690282e-05
1255	9.535358143445013e-05
1256	0.0002057524073114223
1257	2.429536947067439e-05
1258	1.6502665119079177e-06
1259	0.00153919079094768
1260	0.0007783383443095523
1261	0.0033692775890354527
1262	3.679352351066413e-06
1263	0.00023624073214640576
1264	0.0003597418011195132
1265	0.00020972452035091183
1266	0.0007377227150837783
1267	0.00013536289918917533
1268	0.00035900568084674657
1269	0.0003898141878033834
1270	0.00019632597145615555
1271	3.917635240755138e-05
1272	0.0003436544258625072
1273	3.6358765507145e-05
1274	0.000624180124118075
1275	0.001683929803814736
1276	0.00017475922685121522
1277	6.789570727053999e-05
1278	3.36689117520547e-05
1279	5.5544802233191724e-05
1280	0.0004896181151672629
1281	0.00021785993488044814
1282	1.2695571280967958e-06
1283	0.00016391791052986393
1284	0.0013733847458883095
1285	0.0
1286	0.0005289987185628232
1287	6.721194485138278e-05
1288	1.6337855628009833e-05
1289	0.0002288569440693343
1290	0.0005864393768489956
1291	8.098887816559691e-05
1292	0.00012709580662295997
1293	0.0004518162695496326
1294	0.00010994951455525444
1295	0.0002442551118686465
1296	0.00021165857645535308
1297	0.00022504082856189534
1298	1.8140217093847804e-05
1299	2.369788302989451e-05
1300	0.0001149916401269099
1301	0.0008154562988350407
1302	0.0004676319369342194
1303	0.0
1304	0.0003348091472397554
1305	0.00021143654481202152
1306	5.380673966433332e-09
1307	0.0
1308	0.00020993052350064641
1309	9.682115398176024e-05
1310	0.00018214060487935048
1311	0.0002246087794150761
1312	0.0020373198665948624
1313	1.5115277817806397e-06
1314	0.0002858198184481101
1315	0.000335558375646574
1316	8.222812024818231e-05
1317	0.0001288088189627516
1318	0.00012994646339058736
1319	9.923915661666101e-05
1320	6.352513805989365e-05
1321	0.00030049253807449714
1322	0.00025345807404986983
1323	0.0003111264780592724
1324	0.00032837345205117603
1325	1.2281354955484647e-05
1326	0.0017536657491601043
1327	0.0004816888711179592
1328	0.00017291022103164237
1329	3.9670150446481815e-05
1330	0.00010577321654086047
1331	8.751798494377779e-05
1332	0.00034379710046184974
1333	5.2534668320153134e-05
1334	2.271413444344836e-05
1335	0.00015301255318434992
1336	0.00045264949335202607
1337	2.2984392459435764e-05
1338	4.09760015140471e-05
1339	0.00024042664372496886
1340	0.0006396650023721647
1341	0.00045185797175155613
1342	3.406256902996913e-05
1343	0.00021836349364103463
1344	9.144029438851997e-05
1345	0.0003035970144930436
1346	5.523906880425559e-05
1347	0.0005411058524315827
1348	9.15654097080757e-05
1349	0.000355516616792559
1350	5.3738786989592065e-05
1351	0.00017244222503838547
1352	6.376567508303634e-05
1353	8.316725281331305e-05
1354	0.00013440930931520154
1355	0.0010244487592727073
1356	0.00015471694754893675
1357	1.1272016047170593e-05
1358	8.017892776861802e-05
1359	0.0002310565174317697
1360	0.0006269809957684001
1361	1.57232851938835e-07
1362	0.00015466271169055858
1363	0.000206159887152441
1364	0.00021498876276063368
1365	9.427026718413568e-06
1366	0.00010883195966573956
1367	0.000562775218419679
1368	0.00034773901988886737
1369	0.0001225231229448831
1370	4.646155544422464e-06
1371	8.102257933120635e-05
1372	6.97386908060831e-05
1373	0.0004212178228552716
1374	0.00055158553242123
1375	0.00013857639090405417
1376	0.00017939880383683986
1377	0.0
1378	4.239107001679686e-06
1379	2.6025249347719107e-05
1380	5.895989511427604e-05
1381	0.0
1382	1.3019002548790101e-05
1383	6.622570126206038e-05
1384	5.146470478483546e-05
1385	0.0006602510792467097
1386	1.741586837660087e-05
1387	0.00022706085999207954
1388	3.8570561838529834e-05
1389	0.000155246970251855
1390	0.0005596180323895071
1391	0.00044776819798220656
1392	5.8966180594666e-08
1393	8.821892786434574e-05
1394	4.125344002461923e-05
1395	0.00022072802696973743
1396	0.000766659343076241
1397	0.002208797214453264
1398	6.152964742118849e-05
1399	4.584651718196435e-05
1400	0.00013757988512265755
1401	1.4704627727395915e-05
1402	1.6842793350214562e-05
1403	0.0008002576487304719
1404	0.0
1405	8.0204340781973e-06
1406	5.433873276944484e-05
1407	0.0001271795541951549
1408	8.413030386251493e-05
1409	0.0001001337844187465
1410	0.00021185522897002412
1411	7.647222602486278e-05
1412	0.00010918680119588569
1413	1.8608774790870793e-05
1414	0.0009514314102717281
1415	8.68336822681991e-05
1416	0.00010314449981794231
1417	2.921059666952063e-05
1418	6.364597145625008e-06
1419	1.5209144141867433e-05
1420	0.00012984162655879387
1421	0.00012683630527318644
1422	0.0005529047884192244
1423	0.0004150911769878188
1424	5.838348269043469e-05
1425	0.0006231889596296361
1426	0.010478088491130577
1427	4.841464171081213e-05
1428	0.00026795087532510844
1429	0.0001372505292378087
1430	9.538626818855597e-05
1431	8.814991165742745e-06
1432	5.689360456838004e-07
1433	0.0007323210150639252
1434	3.905043343717289e-05
1435	9.713104119599346e-05
1436	0.0005317860069031991
1437	6.606077040733936e-05
1438	0.0008016040689153441
1439	0.0014764356184229874
1440	0.001129523430726257
1441	5.241725594275677e-05
1442	0.00020059100748645725
1443	0.0002637949943418678
1444	0.00015660063639695376
1445	0.000638324530717553
1446	0.00010184832998933558
1447	0.0007848377063400595
1448	0.0009872525359123177
1449	5.7268200885167545e-06
1450	9.350392919325395e-05
1451	0.00010645777757126162
1452	0.00024656353297793
1453	8.666079332070577e-06
1454	0.0007537420107815379
1455	2.303031240676063e-05
1456	0.00012875947225848678
1457	5.932684164463945e-05
1458	0.0003433992816373205
1459	0.00017866218360253474
1460	0.0012749633824512385
1461	0.00018764894950167214
1462	0.00040228193278823385
1463	0.00028827621659314095
1464	2.5644651879541514e-05
1465	2.7797400848123752e-05
1466	0.00011846444449708032
1467	0.00014930788064904278
1468	0.00012806676896704743
1469	0.00016397530189565915
1470	0.0002678410831516547
1471	4.571662632357553e-05
1472	0.0027136312668909943
1473	0.00046485020642874193
1474	0.00033708164367137204
1475	4.651529012431072e-05
1476	0.00013933976387279676
1477	0.0009636420718914129
1478	2.6131171888526488e-05
1479	0.0001720437465806046
1480	0.00015520303333699218
1481	0.0
1482	0.0
1483	0.000558678870557554
1484	5.442952084516376e-06
1485	0.00029894062634488626
1486	7.178796474000225e-06
1487	0.00017613322864305293
1488	4.614916347724673e-05
1489	0.0005209385959633478
1490	0.00037040360219639615
1491	0.0013222067125569707
1492	0.0001877881001570494
1493	3.471530049466642e-06
1494	5.380673966433332e-09
1495	0.00024683143697274123
1496	0.00013268138648099553
1497	0.00036156996626968477
1498	0.00035723616360895877
1499	7.793876661996195e-06
1500	6.966493532653063e-06
1501	0.0004610757844514845
1502	3.6586850814140392e-06
1503	0.0004227368015782503
1504	0.0007036794880998174
1505	4.4852654885288776e-05
1506	0.00034966495605792203
1507	0.00043399099303207257
1508	0.0001608707472907298
1509	3.1065783916954895e-06
1510	6.345103069883061e-06
1511	0.0005442266540814417
1512	1.648974014790238e-05
1513	0.0011333332147364574
1514	0.00035260797376748576
1515	3.6985180309998756e-05
1516	0.00036600016100381993
1517	0.000120756426292905
1518	0.00447348262075566
1519	0.0001499478096183782
1520	3.023619131246704e-05
1521	0.002134198723691969
1522	0.00022084577088033123
1523	6.5163017937163805e-06
1524	0.00022344048074129125
1525	0.0005568393622726245
1526	0.00011769384885583958
1527	0.00015960039577403798
1528	9.980888468476754e-06
1529	0.00021689283202433294
1530	0.00017074521729008364
1531	0.00013556785609995057
1532	0.0005015519829486421
1533	4.661646560470942e-05
1534	0.0003344684431374717
1535	0.00041478963238743266
1536	3.312446230553181e-05
1537	6.803855361696896e-05
1538	1.8560443875458556e-06
1539	0.00016223475038760536
1540	0.00036364582188193627
1541	6.886993796508044e-05
1542	0.0005043098692047941
1543	0.0005000219273752119
1544	0.00024179380332071967
1545	5.0886287393109304e-05
1546	0.0
1547	5.380673966433332e-09
1548	7.150672736764804e-05
1549	0.0013593751881788203
1550	3.462616503833986e-05
1551	0.00015859566107159317
1552	7.461716122010387e-05
1553	1.919051147104548e-05
1554	1.3616068392650633e-05
1555	8.853295576464003e-06
1556	0.00015552182434851164
1557	0.00017133073043526894
1558	2.8136792773428514e-05
1559	0.001110192510438892
1560	0.0005236021352347983
1561	0.00031230550312594214
1562	6.20455584262817e-06
1563	0.0003254260843689722
1564	9.848408563481227e-05
1565	1.7812338284413627e-06
1566	0.0006040454050765102
1567	0.00024985886272150897
1568	0.0008324995512169769
1569	7.672915189276798e-05
1570	1.0278662608120987e-05
1571	3.387754947278557e-05
1572	0.0002533320963536012
1573	0.00014756096224888038
1574	0.0006166422503286741
1575	5.859579812362212e-06
1576	0.0009638035141561307
1577	0.0002987420540914975
1578	7.693246218485929e-05
1579	0.00020885532003281642
1580	0.00010443193478515685
1581	7.502355241979077e-05
1582	0.00035398316357038807
1583	0.0004892895472623953
1584	8.864046300287328e-06
1585	0.00040463238390226397
1586	0.0
1587	0.0006970621728930948
1588	0.00014670721237510637
1589	1.663232672028353e-06
1590	9.466152937162723e-05
1591	9.209303717761141e-05
1592	0.0003655856618806506
1593	0.001171081504098198
1594	0.00011673793752461299
1595	0.00012266668305016334
1596	3.9597604709985984e-05
1597	0.00011743150113545276
1598	0.00016918316370467348
1599	0.00035363811625059946
1600	0.0003600821800050669
1601	2.8148450404546066e-05
1602	5.923111555903892e-05
1603	0.0008844343853551952
1604	0.00014970734039753027
1605	5.1416668019980265e-05
1606	0.0004679010617175675
1607	0.00027646299196898205
1608	0.00012865103454032833
1609	0.0001475888105353221
1610	0.00013993441131761637
1611	1.268810946604202e-05
1612	0.000154424680031634
1613	1.4010990449501475e-05
1614	1.1136388834090527e-05
1615	0.0003278188418637375
1616	7.014633662864446e-05
1617	0.0003564024794630703
1618	8.50393255617072e-05
1619	9.207803001924685e-07
1620	9.170390343801983e-06
1621	3.4033655335619053e-06
1622	0.0004958864426844702
1623	3.928779676250196e-07
1624	0.00029380605963705194
1625	5.449318835046636e-05
1626	0.0005540663325699264
1627	0.0006350842392561053
1628	2.6206478900009443e-06
1629	0.0005374337363771002
1630	0.000782990444993768
1631	6.560803918063985e-05
1632	8.061307134650701e-06
1633	2.8689959565673636e-05
1634	0.00014792586006491735
1635	0.0002413883756239857
1636	4.8743449595512394e-05
1637	0.0
1638	0.00035206455160935365
1639	0.00017580264925880478
1640	0.0007609149902986837
1641	0.0
1642	0.0003433827222401293
1643	0.0015257602288917124
1644	0.0003974810278519348
1645	6.56422871312704e-06
1646	0.00015573684839843022
1647	0.0005093543139796727
1648	0.00014265909889587614
1649	0.0002486418191112257
1650	9.241075611245997e-07
1651	8.5582372592966e-06
1652	0.0006404008848376016
1653	0.000285286513223367
1654	6.193382506291624e-05
1655	4.34491732121574e-06
1656	0.0003655379146924656
1657	0.0006435599685493579
1658	9.610278829650938e-07
1659	0.00014523390191508473
1660	0.00014951453519736335
1661	0.0001977203038390748
1662	0.0002463879054763485
1663	0.00010033377904630026
1664	5.8901376133975495e-06
1665	0.0002602405482613985
1666	9.74444350484807e-06
1667	0.00023103796108450993
1668	3.3764555615706307e-06
1669	0.00010273230040749554
1670	0.0006868107477714163
1671	0.0
1672	0.0002412069324312646
1673	0.0019122333336978208
1674	2.6103463762841288e-05
1675	0.00015341765876267262
1676	7.322305695533223e-05
1677	0.0002929691876658073
1678	0.0002855526167031743
1679	0.0019223608882030585
1680	0.00040501985243693994
1681	0.00050571799046836
1682	0.0003450584714549536
1683	1.6114969448341213e-05
1684	0.0001419723831798561
1685	0.00040878924160463545
1686	0.000298697163474413
1687	7.435761771528687e-05
1688	0.0007977291525455858
1689	0.00047494755593351437
1690	3.772214263565587e-05
1691	0.00013614119640639364
1692	0.000407822280571835
1693	3.1313051351824205e-06
1694	8.901113008474513e-05
1695	2.7593077898653804e-05
1696	0.0006546606902738594
1697	1.977916838881033e-05
1698	0.0009301316818020282
1699	0.00017736471870703847
1700	0.0011897425503546984
1701	0.0001455366631664259
1702	3.1584846545709855e-05
1703	0.0003064793021214788
1704	0.002570447319969905
1705	0.0007941912833634104
1706	0.00044137842059441675
1707	0.0007184897992145833
1708	0.00014059283983432886
1709	0.00013621573247692194
1710	3.5100802919081536e-05
1711	4.171326492136118e-06
1712	0.0010216628987012187
1713	2.994013090129885e-06
1714	0.00048252015895409143
1715	0.0007744519712393259
1716	0.0001669370893199533
1717	1.6117845283188796e-05
1718	0.000431307033624713
1719	0.00016423051853075524
1720	0.00011813276997497455
1721	0.00011043480161959292
1722	0.00029891045666737573
1723	0.00017752592492845703
1724	1.6918101857358566e-05
1725	2.7333075295331084e-05
1726	0.00037584783812510687
1727	0.0011157345389126389
1728	0.00030077332246661916
1729	0.0012917192269797334
1730	4.5230770660058636e-05
1731	0.000389898753644135
1732	0.00024782130896327994
1733	8.878759732341592e-05
1734	1.9219943076324458e-05
1735	0.0005384382895310828
1736	0.00014681533344086838
1737	0.00013501931161951367
1738	0.0008598600365338624
1739	0.0003882728819305175
1740	7.794728423529355e-06
1741	4.145402873998142e-05
1742	0.00014136119583161406
1743	4.547209319907168e-05
1744	6.987533043225825e-05
1745	0.0002060910801184346
1746	0.00033628184303916014
1747	0.0026636803550179095
1748	0.0
1749	0.001068240623975257
1750	7.786266136305374e-05
1751	3.0437582683408773e-05
1752	0.0001989629822254762
1753	0.000108093058402313
1754	0.00022424771510139236
1755	0.00015225157837484005
1756	2.4822097069087476e-05
1757	0.00012206605351155781
1758	3.583375754656706e-05
1759	0.00047367778013333433
1760	5.9584654728122925e-05
1761	0.0002764617015327648
1762	0.0005272693805605509
1763	3.6832979101577215e-05
1764	0.000536674098557983
1765	0.0023470480477686775
1766	6.73971101987632e-06
1767	3.76197963534831e-05
1768	0.0006291454894578393
1769	0.000213132011049292
1770	0.00020693502395573084
1771	0.000308939634973081
1772	0.00017490705742420056
1773	0.0001524653821941352
1774	0.0007297047983149408
1775	0.0017275392920290205
1776	0.00040576158599194755
1777	0.00046616049853566747
1778	1.0814589345079325e-05
1779	0.00122497336210973
1780	0.0002058668172120389
1781	0.00012828469101712088
1782	3.939569675851753e-05
1783	0.00012132814963178378
1784	1.3074842113486684e-05
1785	0.0002138303061369477
1786	0.0013950333221698584
1787	1.779431832658283e-05
1788	0.0009478963937917833
1789	0.00048607830948181564
1790	0.00014117564513482805
1791	6.242162256437132e-05
1792	6.908598830104934e-07
1793	0.0007239499969736177
1794	0.00014174049394559827
1795	2.0218134900008067e-05
1796	0.00016338788998344854
1797	0.00012949290523813536
1798	5.0447405347560625e-05
1799	8.328602535290367e-05
1800	0.0004998677429828496
1801	1.6408295596908146e-05
1802	4.035499178330657e-05
1803	8.219398966854425e-05
1804	5.925745969670818e-05
1805	0.00029307677923285703
1806	0.00023249629773211203
1807	0.0005105193346409847
1808	0.0
1809	0.0
1810	1.563769652401228e-05
1811	0.00015460991317452563
1812	0.00028107976221795005
1813	1.405692183617902e-07
1814	0.00040031275775410686
1815	0.00011892267514703837
1816	0.00018891361459186972
1817	0.0007496236448265394
1818	1.3674367663574606e-06
1819	0.00011472488402003675
1820	2.75147239486438e-05
1821	0.00021340200390633152
1822	2.645123212125203e-05
1823	0.00041446207057920816
1824	0.00024058588629238825
1825	0.0004506174811446321
1826	1.0727161910329325e-05
1827	0.0005704759813608916
1828	0.0006117476060529056
1829	0.0
1830	0.0013820620137705247
1831	1.4231921596523096e-05
1832	1.6289711270835208e-05
1833	0.0001051189314096265
1834	0.00027208002612555046
1835	0.0001117260252101812
1836	6.86839704093373e-05
1837	0.00021963400402609726
1838	0.0003113795928577821
1839	2.7664454534177354e-06
1840	0.0002602319942657462
1841	0.00034388704083779676
1842	0.0001676379410629812
1843	2.189763407703543e-06
1844	0.0003170319166331077
1845	0.00013365656676606207
1846	7.67812991121165e-05
1847	2.0946277724923517e-07
1848	0.0005442311766754104
1849	1.2874424995952336e-06
1850	2.927778853766652e-05
1851	0.00025004009664022483
1852	0.0002595477180335406
1853	0.0002666647399887453
1854	0.0006868107477714164
1855	0.0
1856	3.560296621920562e-05
1857	7.199693263677635e-05
1858	0.000966688758276827
1859	0.00014508769566586241
1860	0.0002415390070284693
1861	7.3503992392972e-06
1862	1.7720016392116807e-05
1863	0.00011432008813956165
1864	0.0008535683767520607
1865	4.895285132212077e-05
1866	0.0
1867	0.0006913380670721566
1868	0.00025244555213524026
1869	0.0002919843055613879
1870	0.0001831997616900756
1871	0.00011167903290350083
1872	0.0004035867560554782
1873	0.00019766917519289755
1874	0.001008900254099822
1875	0.0002429583798798042
1876	3.070677224975312e-05
1877	4.1122158477244425e-06
1878	0.0004743161145711102
1879	5.5877429367184114e-05
1880	2.9045632266034025e-06
1881	3.2932159107496208e-06
1882	0.00031104728454228866
1883	0.00040085582379896376
1884	5.111155507001493e-07
1885	7.176076811878494e-05
1886	0.00020642720960176278
1887	0.0002415273082284798
1888	5.659087530601754e-05
1889	0.0008120844411829729
1890	0.000220805245053556
1891	0.001916981119735589
1892	8.858258668849228e-05
1893	0.00018093729103312595
1894	1.919051147104548e-05
1895	0.00019669532376084828
1896	0.00012089936603217085
1897	0.0004024868726110868
1898	0.00012127732854502605
1899	0.00044117445480942034
1900	8.969040515907472e-05
1901	1.27721991708546e-05
1902	0.00027036018469010894
1903	8.287512329597542e-05
1904	0.0001104983442433159
1905	0.00014747790285768255
1906	0.00017956685017065852
1907	0.000514961660274457
1908	0.0001470773667158918
1909	6.456808759719998e-08
1910	5.380673966433332e-09
1911	0.00020477318734125826
1912	0.0005454029932134173
1913	1.9313781880562522e-05
1914	0.00024941131748497044
1915	0.00016812826645149745
1916	3.7841384289096996e-05
1917	0.0003344126793561361
1918	0.00032738349843748995
1919	0.0003462408002323009
1920	0.0003181901406443104
1921	0.00021429757218947856
1922	1.3394306424595268e-06
1923	0.0005976415500516137
1924	0.000126925595028684
1925	0.0001044033017314794
1926	0.00013631703123963992
1927	0.00014308041758880134
1928	1.9643546163152273e-05
1929	0.00037442045509156327
1930	0.00028113945284121995
1931	9.244978677849138e-05
1932	0.00011261179811814145
1933	0.0007599907233158377
1934	2.728550789617595e-05
1935	0.00017648978734766926
1936	0.0003275345755291591
1937	0.0005054346829805046
1938	1.548383776025438e-06
1939	0.00025907349394060117
1940	7.852723576024088e-05
1941	0.00022576641496408357
1942	0.00010073303552781741
1943	0.0002234373613744522
1944	0.0001548026698290568
1945	0.0003576050853982413
1946	4.7015545325555616e-05
1947	0.00018933903943148223
1948	0.00022695420878926013
1949	7.3481708839725e-05
1950	0.0005668992745175202
1951	9.240925028602188e-05
1952	0.0008066902916858833
1953	0.00031514144084937215
1954	9.537863207353008e-05
1955	0.0010647055813335397
1956	0.0007793786460707564
1957	0.00030055993724095183
1958	0.00033913384050811215
1959	0.0007005429267725227
1960	7.644077286048948e-05
1961	0.00015290502806513743
1962	0.0
1963	0.00107168439020851
1964	0.00016653563354521145
1965	5.7958012880446396e-06
1966	0.0006388776134966844
1967	0.00018590187326179467
1968	9.28201480671502e-08
1969	0.0007903831812684738
1970	0.0007291877616636532
1971	0.0001061335625318684
1972	0.0001405340943059829
1973	0.00022361092512378363
1974	0.0017349754453955138
1975	7.846760726315909e-05
1976	9.176591115554737e-05
1977	0.0004128813725572519
1978	0.00022867578584817515
1979	0.00023337874919863167
1980	3.271123489165518e-05
1981	6.932874249852895e-05
1982	9.4636120135103e-06
1983	5.315945699389815e-05
1984	0.0006472670253115943
1985	0.00016187971425860056
1986	0.00010299676311158767
1987	0.0004349360113883302
1988	5.571193146497261e-05
1989	0.0
1990	0.00019389489069263137
1991	9.849499214740833e-05
1992	2.229671475531603e-05
1993	0.0003889524224372322
1994	0.0008214655299524292
1995	5.850675108229026e-06
1996	0.00011944664904347944
1997	7.700837785843263e-05
1998	4.122357296689567e-05
1999	0.0007128513691084492
2000	2.2376744774216458e-05
2001	6.69586116433534e-05
2002	0.00011082603956374186
2003	0.0003160984344106684
2004	2.160928480523642e-06
2005	0.0009566250068361975
2006	0.0006538016168443817
2007	0.0021424593619004013
2008	4.5310840182197765e-05
2009	0.0001578507158048419
2010	5.0472441726549135e-06
2011	7.4498647278732716e-06
2012	0.0001401775700071738
2013	0.0005535290297722254
2014	2.1341118542346815e-06
2015	0.00023456057438110854
2016	5.81230023267503e-05
2017	0.00024360115614008152
2018	1.2221981903019985e-06
2019	0.0002848220575707476
2020	5.1418386190770865e-05
2021	0.000782988705279744
2022	0.0009691653825177329
2023	0.0002130778919917469
2024	0.0004744046790404717
2025	0.00015989126569785603
2026	9.072350152148145e-05
2027	0.0004178147321928457
2028	0.0001379799267595722
2029	2.865450902185987e-05
2030	0.0007305681583114129
2031	0.0004173326182695419
2032	0.0001946494723996493
2033	0.00025467677652328557
2034	0.0014111214094983217
2035	0.000520093075095814
2036	5.0986359292371125e-06
2037	0.00011259183278324978
2038	1.130933705858234e-05
2039	0.00013322118122467897
2040	6.997066979427551e-05
2041	0.00010771778693165744
2042	3.264713431522058e-05
2043	0.0002752912320416096
2044	0.00020182121803297671
2045	0.0007805939510850993
2046	2.727034818174253e-05
2047	3.948119271902072e-05
2048	0.000331762295184133
2049	1.2972467282650896e-05
2050	5.704172885718706e-06
2051	0.00026366783563525363
2052	2.714388813804771e-05
2053	0.0007076270355082207
2054	1.3295980624063013e-05
2055	0.00015368655230654595
2056	0.0002775904592550324
2057	5.379006672184479e-06
2058	0.0005291256946628886
2059	0.00027774368494308755
2060	1.3122022423678729e-05
2061	0.0001235799407702661
2062	0.003334872164641084
2063	0.0002528758284219183
2064	0.0004289836633149132
2065	6.942810379401977e-05
2066	2.7163200105894986e-06
2067	4.509162947555008e-05
2068	2.1039943464955693e-05
2069	7.329728101355935e-05
2070	0.00010350987625573102
2071	6.537588935005504e-05
2072	0.00011505535480977989
2073	8.056767741625322e-05
2074	0.00010647035604432105
2075	3.418297414487523e-05
2076	0.0008878245230807318
2077	1.7803242103455267e-05
2078	4.4518011676338474e-05
2079	6.36946594050329e-05
2080	0.0007443714955750437
2081	2.0401397349755774e-07
2082	0.0006422333800323501
2083	1.128284844315142e-05
2084	0.0001800634185375229
2085	6.234329230327872e-05
2086	0.0001685725937876049
2087	0.00010443535736204745
2088	0.00015008503220025047
2089	0.00033296401965911775
2090	3.694034637099654e-05
2091	0.0007356767296436816
2092	0.00015912724043306472
2093	0.0003064694899507833
2094	0.0008709164271258295
2095	0.00012875947225848678
2096	0.00010887757901265085
2097	0.0001789425671570194
2098	0.00017160284683505418
2099	0.00033007724705560575
2100	0.0001578468050326794
2101	1.5511677051106763e-05
2102	0.0003754071334722596
2103	0.0005621688460461669
2104	8.509963040846567e-05
2105	0.00018026533343461494
2106	5.490282985471466e-06
2107	7.042578435834202e-05
2108	6.992789969284946e-05
2109	0.0004346600372070445
2110	0.00032948167323352694
2111	0.0001249978389894271
2112	0.00022084261124956253
2113	0.00022042242360455075
2114	0.0
2115	0.00024346422271313194
2116	0.0005358000320633308
2117	0.00013394059607597377
2118	0.0001367603875115875
2119	0.000389350275356136
2120	0.000645836733427699
2121	0.0002387045577624121
2122	0.0011812323899078
2123	5.380673966433332e-09
2124	4.37014858063038e-05
2125	0.0003677873404355458
2126	2.1181859958843904e-05
2127	5.831410782331701e-05
2128	0.00013710398418180286
2129	0.0002953158320009006
2130	0.0
2131	0.0008910445261754308
2132	0.0001673398228530277
2133	0.0017239271006990937
2134	0.0005214790089306647
2135	2.053891824247515e-05
2136	4.256184550088632e-05
2137	3.132578449442525e-05
2138	0.00014293628724349592
2139	4.442580294054783e-05
2140	0.00019843758680604363
2141	4.2128114010195504e-05
2142	2.712351396982405e-05
2143	0.000904793087748889
2144	0.0003045212303448373
2145	0.0002667463503921117
2146	0.0004885847351371134
2147	0.00010413312700796456
2148	0.00027108797494065906
2149	0.0002345362447063249
2150	0.00019928248538478467
2151	0.00011524459855171547
2152	1.8895051841102267e-05
2153	0.0013671166895903124
2154	5.635486101508505e-06
2155	0.00014454649006257668
2156	0.0
2157	0.00038543929544209766
2158	0.0005003257261253942
2159	6.433148530769235e-05
2160	0.00011834703997664942
2161	0.0001328114545530095
2162	0.0011466454343253209
2163	3.028989014490338e-05
2164	0.00014937241185383987
2165	0.0002933760662248563
2166	0.00018102708674555876
2167	0.00032509916888058885
2168	3.6574433487994386e-06
2169	0.0006868107477714168
2170	0.0
2171	0.00011997392727318174
2172	7.518936672839106e-05
2173	9.066962486367088e-05
2174	6.407398769506912e-06
2175	0.00018169289733208286
2176	9.487853355154186e-05
2177	0.000119315715352213
2178	0.003444813392081063
2179	0.0001334147078348382
2180	0.00012349590515628808
2181	0.0002910998011113168
2182	0.0001257320322233632
2183	2.1607278764345786e-05
2184	4.303455033775449e-07
2185	7.40998247438612e-05
2186	9.86552353756241e-06
2187	0.00029949937381661866
2188	4.711341578911619e-05
2189	0.00030794629904965144
2190	2.607173227079573e-05
2191	0.0010460908733373865
2192	0.00030202908466401917
2193	4.956672712550961e-05
2194	0.00027190136148035857
2195	0.00016403151717426349
2196	0.0002400246327935921
2197	5.8011195008692046e-05
2198	5.428391845997483e-06
2199	0.00012180850615450501
2200	0.0001148211148367965
2201	6.809302348634992e-05
2202	1.4284840263441497e-06
2203	0.0006702931108103053
2204	0.00034799852604421516
2205	2.5342218604707885e-05
2206	2.5453722545442243e-06
2207	8.284067103737581e-05
2208	2.402521314271052e-05
2209	0.00011471589828064414
2210	0.00014119981652023175
2211	0.00015955507615229896
2212	7.196771038402283e-05
2213	0.0024747079602452106
2214	0.0004482294240130668
2215	0.00016734048379431275
2216	8.153653131636247e-05
2217	5.7072061093241975e-05
2218	0.00017730080776117202
2219	0.0003120039657712338
2220	0.000150364185795168
2221	0.001490171321527497
2222	9.664287766099057e-05
2223	9.11510013350223e-05
2224	0.00023323646648457308
2225	8.84010536825536e-05
2226	0.00010753661399572204
2227	0.0007334635723760814
2228	0.0001290008185597998
2229	0.0001315289025299137
2230	0.00018273720833283588
2231	0.001831564680869307
2232	0.00010086402618871156
2233	0.0004932044466436396
2234	6.66665524654664e-05
2235	0.0001237142884264163
2236	1.9250607747483856e-05
2237	0.00026948371947913637
2238	5.380673966433332e-09
2239	0.00012303592451338907
2240	0.00013064056125674275
2241	0.0007038010710938811
2242	8.172657007776989e-06
2243	0.0003981074207288612
2244	0.00012584342144036055
2245	0.00027072060765496016
2246	9.580676306289543e-05
2247	0.00018946572166177902
2248	0.0001831831187959132
2249	0.0007465813561411918
2250	8.50822007395748e-05
2251	0.00011169034344843722
2252	0.0004219973200059253
2253	0.0001936193139850391
2254	0.00012644993843759393
2255	5.087232005605633e-05
2256	0.00014384954950778103
2257	0.00010993763709238689
2258	0.0001493115277995806
2259	0.0003618829858119456
2260	6.122694087702297e-05
2261	1.4263865256631078e-05
2262	6.5085453544210495e-06
2263	0.0002627212197920394
2264	0.0012789110449225197
2265	0.0013103236577004399
2266	6.730236458588182e-05
2267	0.0002819150180453749
2268	0.0003950301837432989
2269	6.438102485783152e-05
2270	1.7389158075413388e-05
2271	0.00017176440994849036
2272	0.0001233918992761469
2273	0.00018702282431312683
2274	6.596118361512364e-05
2275	0.0004904580083009762
2276	8.494694377873284e-05
2277	1.5737574946013476e-05
2278	4.645897468190273e-06
2279	0.00022483481903474344
2280	0.0003220182169451025
2281	0.0009371136396391658
2282	0.0001283024385867464
2283	0.0001944711455329084
2284	0.00019426023978438403
2285	0.00010184950378606411
2286	0.0002817438246952228
2287	3.981015509860652e-05
2288	0.00013465160750315668
2289	0.00014447591727830515
2290	0.005441137894851868
2291	1.3864827495756851e-05
2292	2.295146750267923e-05
2293	8.37069915586982e-05
2294	5.5354771028545696e-05
2295	0.000602881153600708
2296	0.0014535807760253233
2297	0.0005934675000207181
2298	0.00039222063102220463
2299	2.0200974295488173e-05
2300	0.00033894819234891674
2301	3.926717726919006e-05
2302	0.0002791130080929663
2303	1.5920226419272644e-05
2304	9.92957636999726e-05
2305	0.0011726670691744614
2306	0.00012790226428069807
2307	2.9808421274566443e-05
2308	0.0
2309	1.3462559682918447e-05
2310	0.00027226504870361443
2311	0.00019850880333977845
2312	0.0001888392210719453
2313	0.0013925189801005087
2314	0.0004038557871385844
2315	0.00021276174770821105
2316	0.0010016085369660079
2317	0.00016574961774052798
2318	4.865970548867364e-05
2319	0.00015164622110411236
2320	0.0017279850779717547
2321	0.0004320100307102891
2322	0.0001943232013689859
2323	0.000254181355229682
2324	0.00012272073511301404
2325	9.029945024821389e-05
2326	0.0004359672454199611
2327	6.143180370548125e-07
2328	3.1308251230934963e-06
2329	0.0002704403719003155
2330	0.0004802983737864376
2331	7.861009474009016e-05
2332	0.00011583036356862072
2333	9.458245541718271e-05
2334	5.2994244556626063e-05
2335	0.0006109482611075924
2336	0.0
2337	0.00021414306718668409
2338	0.0012275862289388298
2339	0.0005084266449581714
2340	0.00014940056009378808
2341	0.0002134573011409276
2342	0.0007822943107517894
2343	0.0001463248856123173
2344	0.00013684754802174756
2345	0.00041274293297317714
2346	0.0001536921340654956
2347	0.0001491364610235695
2348	0.00016063748617989041
2349	0.0002923563659391384
2350	6.368958978382252e-06
2351	0.0008584951643417954
2352	1.5909112456073848e-05
2353	0.0
2354	0.002476712347619999
2355	1.9036061129344884e-05
2356	0.00046190060467594647
2357	4.106675723964613e-06
2358	9.673841095682938e-05
2359	4.1216024562972085e-05
2360	1.393012261605101e-06
2361	0.00029000067649010054
2362	0.0013034540965255034
2363	0.0003214509111778078
2364	8.656592191690608e-05
2365	0.00013576933438702357
2366	9.96802039484115e-05
2367	7.65054770969956e-05
2368	0.0003386841508871341
2369	0.00026792523207845814
2370	0.0006382982517471037
2371	0.0002182941079129952
2372	0.0007798190904807562
2373	1.9778226888397128e-05
2374	0.00019219712103121954
2375	2.8097246174999177e-05
2376	5.65013996288004e-06
2377	0.000490158158945802
2378	0.001369096628651639
2379	0.0001833644482940903
2380	0.00036583541918907436
2381	5.67299976957844e-05
2382	6.096575328686866e-05
2383	3.404930096093618e-05
2384	0.00014397153435509463
2385	0.0
2386	0.00011373565280860632
2387	0.0010568024554738218
2388	0.0003741788542904199
2389	6.994881030987084e-05
2390	0.0
2391	0.0
2392	0.00020648310574454757
2393	0.0008447614704085156
2394	8.473953909679008e-05
2395	0.0003088366767348957
2396	0.00045402616196551224
2397	0.00019164446980467597
2398	0.0008532655664758476
2399	4.5253251217715e-05
2400	0.00013358367108883318
2401	0.0010831753064275559
2402	0.0
2403	2.8955744391221992e-05
2404	0.0001207295464922923
2405	5.1979565963590336e-05
2406	0.00019093349510922275
2407	2.7331942416448045e-07
2408	0.0003579218433036983
2409	1.0841178972649872e-05
2410	0.0014124635039330416
2411	0.00023343423299799742
2412	0.0
2413	0.00023405706184066865
2414	0.0016022166370785675
2415	0.0004067774034613884
2416	0.000342238982186623
2417	0.00016462141348850832
2418	0.0007193339882668888
2419	0.00017399997827919023
2420	4.99265406437336e-05
2421	0.0005614534276696456
2422	3.241446757637929e-05
2423	1.6473847895134593e-05
2424	0.00022405277960901732
2425	0.00045570853184025124
2426	6.427533385562071e-05
2427	0.0003520955786588402
2428	0.00024043059726898405
2429	0.00022545075386963849
2430	6.326843659121283e-05
2431	0.00030941140761028157
2432	0.0006530548659717252
2433	8.904775351840935e-05
2434	0.000238175499536759
2435	0.00013106661189484577
2436	0.0019099247323283218
2437	0.00025122754347722576
2438	0.0009892213875240766
2439	0.0001554177962574867
2440	2.2794889950413302e-05
2441	0.00028842095239668914
2442	0.00039518903719096727
2443	0.0002791474969403232
2444	5.025276042726243e-05
2445	0.0005251407268577234
2446	0.0003949437687681005
2447	9.625196451933992e-05
2448	1.9800846553985102e-07
2449	0.00217234408104297
2450	3.7911006236683184e-05
2451	6.331926936554711e-05
2452	0.0001162585005881981
2453	0.00019156298986841049
2454	0.0011335084860039635
2455	0.0004059150189501759
2456	0.0012938867660762165
2457	0.0007191159445383109
2458	2.2991988166489452e-05
2459	6.35991794562269e-05
2460	3.655105590088266e-05
2461	0.0025556374608553764
2462	0.00035791678762238214
2463	8.190078463239634e-05
2464	0.00013101896796491013
2465	1.8129119810258647e-05
2466	0.00018435189855223785
2467	2.8655896330733237e-05
2468	2.080300028150065e-06
2469	0.0
2470	9.356379193829141e-06
2471	0.00012604706159847408
2472	0.0001595328372877913
2473	6.434287851302554e-05
2474	1.1446053727177242e-05
2475	4.219387168742164e-06
2476	0.0009397575312426342
2477	0.00015839736411235684
2478	4.4022733214632875e-06
2479	0.00034508156867140387
2480	0.00011689256801577777
2481	0.0004892147306755064
2482	4.267112565895774e-05
2483	0.0001764301072478573
2484	0.00019825987233607214
2485	7.648432672931402e-05
2486	0.00014667332357294578
2487	8.075191682440322e-05
2488	9.375870686942499e-05
2489	1.6035344395986333e-05
2490	0.00016386398320363584
2491	0.0002261628521341484
2492	8.67187882881163e-06
2493	0.00013528746775073216
2494	0.0002455925797435074
2495	0.0003041564632185963
2496	1.1509852328748183e-05
2497	0.001214835625256943
2498	0.00026664041949293356
2499	6.62830369744495e-06
2500	0.0010152053011119016
2501	0.00022141178813107546
2502	2.0097083209833474e-05
2503	0.00025698970404393454
2504	4.022025158338662e-05
2505	0.00026977029647692473
2506	0.0
2507	0.0001499138637910304
2508	0.0003126267321941386
2509	0.00022942949565429264
2510	0.0002374524800728838
2511	0.00019878116871789098
2512	0.0004543240050709328
2513	2.9519430944027875e-05
2514	4.168529026552631e-05
2515	0.0010537031097380802
2516	0.0007883411207161577
2517	0.00039737711987165717
2518	8.158510457639449e-05
2519	1.549730129025252e-05
2520	3.5686155898932087e-05
2521	0.00015402427724678667
2522	3.417500564672454e-05
2523	5.753084999675876e-05
2524	0.0001824109383291019
2525	0.00012540705149604293
2526	8.147967448367639e-05
2527	2.9355442377122746e-06
2528	0.00011807896065909389
2529	1.0259151695999554e-07
2530	0.00039849959983155847
2531	2.2518324572226206e-05
2532	4.203082014071648e-05
2533	0.0003082425351114704
2534	1.0645437160825798e-05
2535	0.0003441119542083304
2536	7.508861261155457e-05
2537	0.0003955120480586048
2538	5.380673966433332e-09
2539	0.00048739289329591647
2540	0.0010319300429669893
2541	0.0005379758213977845
2542	0.0002783550872498991
2543	0.00010871003899790202
2544	3.552127494002683e-05
2545	0.00022728406784330507
2546	0.0006643121236232106
2547	0.00042722603603339806
2548	0.0006097370186413337
2549	0.010254033546422172
2550	0.0008401632728729878
2551	0.00020504663225509468
2552	0.00013104050501534586
2553	0.0001142052592926895
2554	0.00031009566645403457
2555	0.0002793889101798638
2556	0.0
2557	0.0
2558	0.0008537191004825933
2559	0.00018094203291569384
2560	5.539472686189757e-06
2561	0.00016917685872246658
2562	0.0001817487531635538
2563	0.0003485892066600592
2564	5.408097217705491e-06
2565	0.0001975374951535562
2566	0.00015050743264979102
2567	3.096243963727657e-05
2568	8.569302671460743e-08
2569	5.1546601464068814e-05
2570	8.797976838260256e-06
2571	8.314958904896471e-06
2572	0.00016743194397887337
2573	0.00016800476239290383
2574	4.470672728580247e-05
2575	6.144778731597078e-05
2576	9.251075481953441e-05
2577	0.00011441310453569374
2578	0.00010947499415713139
2579	9.40074359484486e-05
2580	0.00043073377764937354
2581	0.0001487221085150408
2582	0.0007815224888525507
2583	0.0
2584	0.00028733142039162005
2585	0.0002181004505075903
2586	2.253043252028052e-05
2587	0.00038279508853893157
2588	6.786464197208422e-05
2589	3.2697056252467273e-06
2590	0.0049123036556773135
2591	0.00019442067724984152
2592	0.00015806775270270278
2593	0.00036562225743549807
2594	6.351206999048793e-05
2595	0.001538534256878797
2596	0.0006600229562199533
2597	0.00021336853503282284
2598	0.0002288892231091952
2599	8.10099077504791e-05
2600	0.000135872726285344
2601	9.23414328934506e-05
2602	6.674985586013402e-05
2603	0.0003138738817970948
2604	6.735296232709438e-05
2605	5.348955078078737e-05
2606	0.0001754446672462912
2607	0.00019521768966276792
2608	9.771910338602795e-05
2609	0.00042137448221840157
2610	1.4096507929348997e-06
2611	0.00016823561769933797
2612	0.00021700704879889905
2613	0.0004749716747047762
2614	1.961301213934755e-06
2615	0.0003121078423100783
2616	0.0002772480035012676
2617	0.00020164168038718628
2618	0.000334867723308345
2619	0.0002907179222717607
2620	0.00020790944397987694
2621	0.0001986513474529082
2622	0.00018601947269133266
2623	7.745222440345115e-05
2624	1.602186551466782e-05
2625	6.683532766217949e-05
2626	5.0573219920063536e-05
2627	0.0002619502305741357
2628	8.162705335476644e-05
2629	2.3847238710540054e-05
2630	3.3158907877472754e-05
2631	4.8479083394903235e-05
2632	2.721623967514506e-05
2633	0.0002669091795594161
2634	0.0002844562223197477
2635	0.00010647035604432105
2636	0.00012754354145949777
2637	3.114871030060808e-05
2638	0.00010040351847405668
2639	2.319116726025521e-05
2640	0.00017297491193536688
2641	0.00010647322757471516
2642	5.941522053739641e-06
2643	0.00017070162805828096
2644	1.6137756596498585e-05
2645	0.001689786731610456
2646	0.0002918093703777247
2647	7.641384306799681e-06
2648	6.93523923719545e-05
2649	1.6310437324492444e-05
2650	0.00046700550419240136
2651	4.1839145921154585e-05
2652	0.0001822649926223436
2653	0.00016051800969668552
2654	0.0003487801091974519
2655	0.00046313487948170293
2656	2.1672068027606272e-05
2657	0.0027631831032778865
2658	7.46906036890561e-05
2659	0.00022692809158193642
2660	0.000133828906380349
2661	0.0001783030093337807
2662	0.000308523882881326
2663	6.487466926434277e-05
2664	0.00043392742339407823
2665	0.012739210108674145
2666	0.00024565351190507467
2667	1.065888912430895e-05
2668	4.018202894710711e-05
2669	0.00034697176401230374
2670	0.00012396984636052944
2671	0.0004948343971112443
2672	5.25252232554275e-05
2673	8.468155304016588e-05
2674	0.00015005605928751584
2675	3.332461151864593e-05
2676	0.0006082086947427119
2677	7.773450646658423e-05
2678	2.9136177856214535e-05
2679	0.0002574306062872885
2680	0.00012927550805956822
2681	3.7167481803133046e-05
2682	0.00041997031242105954
2683	0.0001167594203285552
2684	0.0
2685	1.1509852328748183e-05
2686	0.0031226421060569763
2687	0.0005917571869063926
2688	1.2549911457429188e-05
2689	2.5705620488177557e-05
2690	0.0009493911427885063
2691	0.00017237894344877128
2692	0.0004167158140054715
2693	1.684726802162682e-05
2694	0.00014506704355085227
2695	0.00017099147678730585
2696	0.00013846262236020466
2697	0.0001362317721535177
2698	0.001084033691861623
2699	0.0
2700	0.0001613070698102302
2701	0.00015545307404815295
2702	5.2503703056895174e-05
2703	0.0001702573380473179
2704	0.00023212149275580018
2705	4.503468329109929e-05
2706	8.397560487501274e-07
2707	0.000774560100212122
2708	4.305852347307692e-05
2709	3.899610848977729e-05
2710	0.00033202155166181144
2711	1.596614947079477e-05
2712	0.0004218004341369599
2713	3.619934491938501e-05
2714	9.993442860252827e-05
2715	4.759486457919319e-05
2716	0.0010504170396305713
2717	0.00012793538726319932
2718	0.00026247493291620035
2719	0.00024045546937097835
2720	0.0003372632210871891
2721	6.614883153641734e-05
2722	0.0002618542710124124
2723	0.00020250706504695967
2724	0.00024197675518079344
2725	0.000122663370376766
2726	0.0006174647679391747
2727	0.0006706989800264403
2728	1.8181816073205985e-06
2729	0.0006733239974713444
2730	0.00021116258112829407
2731	7.532627790526285e-06
2732	0.0005951849511594569
2733	0.00033985991002451004
2734	2.270038855967623e-07
2735	0.0
2736	9.8375306730633e-05
2737	0.0003972201531127525
2738	0.0004299947635463563
2739	0.00019856498872760148
2740	1.658612528629124e-05
2741	0.0004717501268566979
2742	7.518618868776525e-05
2743	0.0002378036961856439
2744	0.0002135713089186478
2745	0.0
2746	4.0351014707255115e-05
2747	1.2165053735268828e-05
2748	2.7763559513005614e-05
2749	0.0
2750	0.00025957622033048397
2751	0.0004551438968204752
2752	0.00011420349889068819
2753	0.0001639695935021867
2754	0.00015975991574541874
2755	0.00044666385038173614
2756	0.00029503071144728704
2757	8.250761345442153e-05
2758	0.0
2759	0.0
2760	0.0006868107477714161
2761	1.3158321894145728e-05
2762	2.962525202847031e-05
2763	0.0006014789153083141
2764	3.492671803685862e-05
2765	0.00023884162572430326
2766	0.000764042387236674
2767	2.1607278764345786e-05
2768	0.0001152440320764119
2769	0.0003748227916853127
2770	8.056597495593011e-06
2771	0.0010125252054144953
2772	0.0
2773	7.929441776082497e-05
2774	0.00030415039318718555
2775	0.00011953038117464541
2776	2.9558684358853882e-05
2777	0.00016462114492834834
2778	1.5945731425931006e-05
2779	3.7087743974631723e-05
2780	1.6223109035648552e-05
2781	0.0002617350017432513
2782	0.00027953552871108286
2783	7.031221504035984e-06
2784	0.0003153767926379799
2785	4.5875470095452925e-05
2786	5.380673966433332e-09
2787	7.8610562995888e-05
2788	0.00015650973500806598
2789	0.0004629834207315515
2790	2.8455711610693726e-05
2791	2.407128354887563e-05
2792	0.001465958509754368
2793	0.00023627500038493455
2794	0.0008558117358192837
2795	8.93599054305286e-05
2796	0.0
2797	0.0008213968757389637
2798	8.863148950440391e-06
2799	2.605726430248538e-06
2800	0.00015405197471836304
2801	6.791319321849804e-05
2802	8.571813410983951e-05
2803	0.00220040621875492
2804	0.0014723404768403798
2805	0.00017794487148896316
2806	0.00022259937563181523
2807	0.00011938271924600201
2808	2.436336309064535e-05
2809	8.216692976581752e-05
2810	7.731925784394159e-05
2811	0.00018001001813859865
2812	8.427014884944032e-05
2813	0.0006997788891064258
2814	5.573677010462169e-05
2815	0.00011830228203837563
2816	6.660143198343329e-06
2817	8.966498577208141e-05
2818	0.0008546141806815608
2819	2.770151706629732e-05
2820	3.614516097851043e-05
2821	0.00023805212060069164
2822	0.0
2823	0.0001329192858366147
2824	0.000502434601169868
2825	0.00022803124226526
2826	0.00020370751937353923
2827	2.1540645955599374e-05
2828	0.0013558931041347977
2829	0.00021431413431727313
2830	0.00011741834248679524
2831	0.0001703683566878642
2832	9.372325915227617e-05
2833	0.00024222469912888714
2834	0.000600985178399159
2835	1.6451525092836842e-05
2836	2.3665754426469146e-06
2837	0.00037835357583770776
2838	6.504019035752002e-05
2839	9.918749296414397e-06
2840	0.0003287037051809304
2841	0.0007000697489264937
2842	0.00024287722931335055
2843	5.8625118194427405e-05
2844	0.00038190248029693616
2845	1.2781299996752446e-05
2846	0.00023697550049864988
2847	2.965751258445659e-07
2848	0.00033114534077295226
2849	4.811377681758025e-07
2850	9.533491774926479e-05
2851	1.3163996018449869e-06
2852	0.00010416501537277326
2853	0.00014717928889628154
2854	8.958246339909427e-05
2855	1.2699716272968045e-05
2856	7.471365258894541e-05
2857	0.0003485707398160796
2858	0.00019439938189923667
2859	0.0003101531824955878
2860	0.00018084560449749636
2861	6.151668144954411e-07
2862	5.631279366914875e-05
2863	0.000536885811578736
2864	0.0011119441313725146
2865	0.0002283562082547454
2866	0.0003029779924954074
2867	0.00033607767898657237
2868	9.666491125543425e-06
2869	7.571012573225973e-05
2870	0.0009956183385117325
2871	5.707043261591275e-05
2872	0.0002476265553874447
2873	0.000738763701896419
2874	6.509180484399321e-05
2875	0.00020479273686295257
2876	0.000141118923397651
2877	0.0006209716567363834
2878	0.0013016285611125284
2879	7.068699062506727e-05
2880	0.00031953124764646547
2881	4.264871210509679e-06
2882	0.0008920075167440295
2883	0.0004527188993831212
2884	5.907515164212119e-05
2885	0.0012400841058511846
2886	7.045280187357939e-05
2887	0.0004983676267049447
2888	0.0006322109688144521
2889	6.388658625445156e-06
2890	0.0001939741789776036
2891	0.0002602622111295485
2892	0.00020001353302943843
2893	0.00023033439047501282
2894	0.0001171755539020551
2895	0.0001729273555424233
2896	0.00011004959751812817
2897	0.0007210850282231623
2898	0.00016022095445406608
2899	5.753753605513537e-06
2900	0.0003308485904231126
2901	3.640868211926814e-05
2902	0.00012261418898810503
2903	0.0006626129529139507
2904	0.00015283359814706766
2905	3.088854698434694e-05
2906	5.8386430205630525e-05
2907	3.4889128908816616e-05
