0	0.002407980736154111
1	0.1651186790505676
2	0.002407980736154111
3	0.0027519779841761265
4	0.0027519779841761265
5	0.007223942208462332
6	0.0006879944960440316
7	0.0010319917440660474
8	0.0041279669762641896
9	0.0013759889920880633
10	0.01788785689714482
11	0.04678362573099415
12	0.016511867905056758
13	0.01719986240110079
14	0.005503955968352253
15	0.007223942208462332
16	0.0027519779841761265
17	0.03371173030615755
18	0.0027519779841761265
19	0.0068799449604403165
20	0.016167870657034743
21	0.0034399724802201583
22	0.009631922944616443
23	0.01582387340901273
24	0.004815961472308222
25	0.19917440660474717
26	0.004815961472308222
27	0.3673890608875129
28	0.005503955968352253
29	0.012039903680770554
30	0.003095975232198142
31	0.05538355693154454
32	0.010319917440660475
33	0.010319917440660475
34	0.014103887168902648
35	0.003783969728242174
36	0.012727898176814585
37	0.004815961472308222
38	0.002407980736154111
39	0.01479188166494668
40	0.024767801857585137
41	0.007223942208462332
42	0.005503955968352253
43	0.025111799105607156
44	0.002407980736154111
45	0.0041279669762641896
46	0.0017199862401100791
47	0.01582387340901273
48	0.0027519779841761265
49	0.0068799449604403165
50	0.003095975232198142
51	0.0034399724802201583
52	0.005503955968352253
53	0.0034399724802201583
54	0.0034399724802201583
55	0.006191950464396284
56	0.0020639834881320948
57	0.022359821121431027
58	0.0017199862401100791
59	0.003095975232198142
60	0.006535947712418301
61	0.0027519779841761265
62	0.0010319917440660474
63	0.006191950464396284
64	0.004471964224286205
65	0.002407980736154111
66	0.0041279669762641896
67	0.04231166150670795
68	0.012383900928792569
69	0.0006879944960440316
70	0.005159958720330237
71	0.003095975232198142
72	0.17062263501891983
73	0.008255933952528379
74	0.0068799449604403165
75	0.002407980736154111
76	0.0017199862401100791
77	0.003095975232198142
78	0.0003439972480220158
79	0.03611971104231166
80	0.002407980736154111
81	0.0027519779841761265
82	0.009975920192638458
83	0.0412796697626419
84	0.003783969728242174
85	0.012383900928792569
86	0.005159958720330237
87	0.0013759889920880633
88	0.1891984864121087
89	0.0020639834881320948
90	0.0020639834881320948
91	0.007223942208462332
92	0.038183694530443756
93	0.030959752321981424
94	0.009631922944616443
95	0.013071895424836602
96	0.014103887168902648
97	0.0041279669762641896
98	0.043343653250773995
99	0.004471964224286205
100	0.0017199862401100791
101	0.007223942208462332
102	0.06398348813209494
103	0.011695906432748537
104	0.018575851393188854
105	0.005847953216374269
106	0.0027519779841761265
107	0.004471964224286205
108	0.013759889920880633
109	0.0027519779841761265
110	0.06467148262813897
111	0.0041279669762641896
112	0.010319917440660475
113	0.009287925696594427
114	0.005503955968352253
115	0.003095975232198142
116	0.005159958720330237
117	0.005847953216374269
118	0.013071895424836602
119	0.006191950464396284
120	0.11042311661506708
121	0.003783969728242174
122	0.0034399724802201583
123	0.011351909184726523
124	0.06432748538011696
125	0.0034399724802201583
126	0.00894392844857241
127	0.01479188166494668
128	0.0041279669762641896
129	0.005503955968352253
130	0.004471964224286205
131	0.0017199862401100791
132	0.0027519779841761265
133	0.0034399724802201583
134	0.015479876160990712
135	0.0017199862401100791
136	0.003783969728242174
137	0.011007911936704506
138	0.0003439972480220158
139	0.002407980736154111
140	0.0013759889920880633
141	0.009975920192638458
142	0.006191950464396284
143	0.0020639834881320948
144	0.003783969728242174
145	0.0027519779841761265
146	0.038183694530443756
147	0.024423804609563123
148	0.015479876160990712
149	0.005503955968352253
150	0.005503955968352253
151	0.0010319917440660474
152	0.009631922944616443
153	0.03130374957000344
154	0.005847953216374269
155	0.0017199862401100791
156	0.004471964224286205
157	0.007223942208462332
158	0.003783969728242174
159	0.004815961472308222
160	0.002407980736154111
161	0.0027519779841761265
162	0.006535947712418301
163	0.04093567251461988
164	0.0010319917440660474
165	0.0041279669762641896
166	0.06707946336429309
167	0.0041279669762641896
168	0.0017199862401100791
169	0.005503955968352253
170	0.016855865153078776
171	0.003783969728242174
172	0.005159958720330237
173	0.005503955968352253
174	0.0041279669762641896
175	0.024079807361541108
176	0.007567939456484348
177	0.03543171654626763
178	0.03233574131406949
179	0.003095975232198142
180	0.025111799105607156
181	0.003095975232198142
182	0.0034399724802201583
183	0.004815961472308222
184	0.004471964224286205
185	0.005847953216374269
186	0.0013759889920880633
187	0.005847953216374269
188	0.004815961472308222
189	0.009631922944616443
190	0.013759889920880633
191	0.043687650498796006
192	0.0020639834881320948
193	0.03233574131406949
194	0.006191950464396284
195	0.1630546955624355
196	0.0017199862401100791
197	0.02132782937736498
198	0.005159958720330237
199	0.004471964224286205
200	0.0068799449604403165
201	0.013071895424836602
202	0.0010319917440660474
203	0.005159958720330237
204	0.0010319917440660474
205	0.0003439972480220158
206	0.005503955968352253
207	0.006535947712418301
208	0.007223942208462332
209	0.0017199862401100791
210	0.022703818369453045
211	0.0017199862401100791
212	0.006191950464396284
213	0.0003439972480220158
214	0.029239766081871343
215	0.003783969728242174
216	0.003095975232198142
217	0.0010319917440660474
218	0.006191950464396284
219	0.012727898176814585
220	0.006191950464396284
221	0.003095975232198142
222	0.026143790849673203
223	0.009287925696594427
224	0.005159958720330237
225	0.015479876160990712
226	0.026831785345717233
227	0.002407980736154111
228	0.0017199862401100791
229	0.007223942208462332
230	0.007567939456484348
231	0.017543859649122806
232	0.007567939456484348
233	0.004471964224286205
234	0.003783969728242174
235	0.006535947712418301
236	0.0041279669762641896
237	0.003783969728242174
238	0.012383900928792569
239	0.0027519779841761265
240	0.0020639834881320948
241	0.003095975232198142
242	0.004471964224286205
243	0.0041279669762641896
244	0.0034399724802201583
245	0.0013759889920880633
246	0.0013759889920880633
247	0.003095975232198142
248	0.010319917440660475
249	0.005503955968352253
250	0.012727898176814585
251	0.005503955968352253
252	0.004471964224286205
253	0.003095975232198142
254	0.014447884416924664
255	0.0010319917440660474
256	0.003783969728242174
257	0.008599931200550396
258	0.016511867905056758
259	0.011695906432748537
260	0.0041279669762641896
261	0.0034399724802201583
262	0.003095975232198142
263	0.003783969728242174
264	0.002407980736154111
265	0.0010319917440660474
266	0.020983832129342964
267	0.0041279669762641896
268	0.005847953216374269
269	0.0034399724802201583
270	0.01719986240110079
271	0.009631922944616443
272	0.007567939456484348
273	0.005503955968352253
274	0.004815961472308222
275	0.003783969728242174
276	0.0034399724802201583
277	0.026831785345717233
278	0.005159958720330237
279	0.003783969728242174
280	0.04506363949088407
281	0.006191950464396284
282	0.011351909184726523
283	0.007223942208462332
284	0.0010319917440660474
285	0.0006879944960440316
286	0.005159958720330237
287	0.004815961472308222
288	0.003783969728242174
289	0.008255933952528379
290	0.003783969728242174
291	0.007911936704506364
292	0.0041279669762641896
293	0.0027519779841761265
294	0.0020639834881320948
295	0.003095975232198142
296	0.003095975232198142
297	0.0013759889920880633
298	0.0041279669762641896
299	0.0020639834881320948
300	0.007567939456484348
301	0.0013759889920880633
302	0.013759889920880633
303	0.006191950464396284
304	0.008599931200550396
305	0.007567939456484348
306	0.009975920192638458
307	0.013415892672858616
308	0.06501547987616099
309	0.004471964224286205
310	0.008255933952528379
311	0.005503955968352253
312	0.0017199862401100791
313	0.007223942208462332
314	0.006535947712418301
315	0.028551771585827314
316	0.0027519779841761265
317	0.004471964224286205
318	0.0041279669762641896
319	0.0013759889920880633
320	0.0010319917440660474
321	0.004471964224286205
322	0.004815961472308222
323	0.003095975232198142
324	0.011007911936704506
325	0.006535947712418301
326	0.022703818369453045
327	0.015479876160990712
328	0.0027519779841761265
329	0.0006879944960440316
330	0.0010319917440660474
331	0.004471964224286205
332	0.02786377708978328
333	0.005159958720330237
334	0.003095975232198142
335	0.007567939456484348
336	0.0017199862401100791
337	0.019951840385276916
338	0.0068799449604403165
339	0.002407980736154111
340	0.002407980736154111
341	0.007911936704506364
342	0.04196766425868593
343	0.030959752321981424
344	0.006535947712418301
345	0.0034399724802201583
346	0.003095975232198142
347	0.009287925696594427
348	0.015135878912968696
349	0.012383900928792569
350	0.007223942208462332
351	0.005503955968352253
352	0.009631922944616443
353	0.023391812865497075
354	0.005159958720330237
355	0.009631922944616443
356	0.005847953216374269
357	0.00894392844857241
358	0.005503955968352253
359	0.006535947712418301
360	0.0020639834881320948
361	0.0013759889920880633
362	0.00894392844857241
363	0.00894392844857241
364	0.0017199862401100791
365	0.002407980736154111
366	0.0010319917440660474
367	0.003095975232198142
368	0.012727898176814585
369	0.013759889920880633
370	0.0034399724802201583
371	0.05125558995528036
372	0.01823185414516684
373	0.0027519779841761265
374	0.0013759889920880633
375	0.007567939456484348
376	0.0034399724802201583
377	0.0068799449604403165
378	0.005159958720330237
379	0.003095975232198142
380	0.0034399724802201583
381	0.007911936704506364
382	0.05779153766769866
383	0.005159958720330237
384	0.004471964224286205
385	0.0027519779841761265
386	0.0034399724802201583
387	0.0068799449604403165
388	0.005503955968352253
389	0.004471964224286205
390	0.0034399724802201583
391	0.0017199862401100791
392	0.007223942208462332
393	0.002407980736154111
394	0.0020639834881320948
395	0.019951840385276916
396	0.006535947712418301
397	0.01066391468868249
398	0.00894392844857241
399	0.007567939456484348
400	0.0020639834881320948
401	0.006535947712418301
402	0.02545579635362917
403	0.009631922944616443
404	0.011351909184726523
405	0.0013759889920880633
406	0.006535947712418301
407	0.007911936704506364
408	0.003095975232198142
409	0.0027519779841761265
410	0.005159958720330237
411	0.09700722394220845
412	0.005159958720330237
413	0.007567939456484348
414	0.003095975232198142
415	0.0013759889920880633
416	0.0010319917440660474
417	0.005847953216374269
418	0.003783969728242174
419	0.010319917440660475
420	0.005159958720330237
421	0.0041279669762641896
422	0.004815961472308222
423	0.005503955968352253
424	0.008255933952528379
425	0.006191950464396284
426	0.006191950464396284
427	0.0010319917440660474
428	0.005847953216374269
429	0.005847953216374269
430	0.0068799449604403165
431	0.012727898176814585
432	0.0034399724802201583
433	0.0010319917440660474
434	0.0003439972480220158
435	0.07980736154110767
436	0.01066391468868249
437	0.0013759889920880633
438	0.002407980736154111
439	0.003095975232198142
440	0.015479876160990712
441	0.004471964224286205
442	0.003095975232198142
443	0.002407980736154111
444	0.005503955968352253
445	0.0034399724802201583
446	0.0006879944960440316
447	0.0020639834881320948
448	0.0027519779841761265
449	0.012039903680770554
450	0.0013759889920880633
451	0.010319917440660475
452	0.008255933952528379
453	0.003095975232198142
454	0.009975920192638458
455	0.03783969728242174
456	0.028207774337805296
457	0.008255933952528379
458	0.008255933952528379
459	0.005159958720330237
460	0.005503955968352253
461	0.006191950464396284
462	0.0068799449604403165
463	0.003783969728242174
464	0.0027519779841761265
465	0.007911936704506364
466	0.006535947712418301
467	0.006191950464396284
468	0.004815961472308222
469	0.0010319917440660474
470	0.004471964224286205
471	0.003783969728242174
472	0.029239766081871343
473	0.006191950464396284
474	0.002407980736154111
475	0.0034399724802201583
476	0.0020639834881320948
477	0.0020639834881320948
478	0.005159958720330237
479	0.0041279669762641896
480	0.04506363949088407
481	0.006191950464396284
482	0.003095975232198142
483	0.0027519779841761265
484	0.003095975232198142
485	0.0068799449604403165
486	0.007911936704506364
487	0.0020639834881320948
488	0.048847609219126245
489	0.009287925696594427
490	0.05572755417956656
491	0.0010319917440660474
492	0.0020639834881320948
493	0.01582387340901273
494	0.0013759889920880633
495	0.0027519779841761265
496	0.007911936704506364
497	0.0017199862401100791
498	0.012383900928792569
499	0.0034399724802201583
500	0.0010319917440660474
501	0.005847953216374269
502	0.0010319917440660474
503	0.004471964224286205
504	0.005159958720330237
505	0.0027519779841761265
506	0.0013759889920880633
507	0.005159958720330237
508	0.0017199862401100791
509	0.004471964224286205
510	0.004471964224286205
511	0.02545579635362917
512	0.006535947712418301
513	0.011695906432748537
514	0.005159958720330237
515	0.004471964224286205
516	0.0034399724802201583
517	0.0013759889920880633
518	0.01719986240110079
519	0.0041279669762641896
520	0.008599931200550396
521	0.023391812865497075
522	0.009287925696594427
523	0.007911936704506364
524	0.01823185414516684
525	0.011695906432748537
526	0.027519779841761266
527	0.003095975232198142
528	0.005847953216374269
529	0.003783969728242174
530	0.006535947712418301
531	0.043343653250773995
532	0.006535947712418301
533	0.00894392844857241
534	0.0010319917440660474
535	0.002407980736154111
536	0.0017199862401100791
537	0.0020639834881320948
538	0.006535947712418301
539	0.053663570691434466
540	0.003095975232198142
541	0.005847953216374269
542	0.007911936704506364
543	0.009631922944616443
544	0.008599931200550396
545	0.003095975232198142
546	0.005847953216374269
547	0.0034399724802201583
548	0.007911936704506364
549	0.006535947712418301
550	0.003095975232198142
551	0.005503955968352253
552	0.008255933952528379
553	0.002407980736154111
554	0.025111799105607156
555	0.004815961472308222
556	0.00894392844857241
557	0.004471964224286205
558	0.003095975232198142
559	0.004815961472308222
560	0.01066391468868249
561	0.007567939456484348
562	0.011351909184726523
563	0.0020639834881320948
564	0.006535947712418301
565	0.016855865153078776
566	0.008599931200550396
567	0.00894392844857241
568	0.0013759889920880633
569	0.0068799449604403165
570	0.003095975232198142
571	0.007223942208462332
572	0.012039903680770554
573	0.005503955968352253
574	0.003783969728242174
575	0.003095975232198142
576	0.0027519779841761265
577	0.005503955968352253
578	0.009287925696594427
579	0.0013759889920880633
580	0.0017199862401100791
581	0.0013759889920880633
582	0.003095975232198142
583	0.0017199862401100791
584	0.005847953216374269
585	0.004471964224286205
586	0.002407980736154111
587	0.005159958720330237
588	0.004815961472308222
589	0.005503955968352253
590	0.002407980736154111
591	0.0034399724802201583
592	0.009631922944616443
593	0.01719986240110079
594	0.008599931200550396
595	0.005159958720330237
596	0.010319917440660475
597	0.0013759889920880633
598	0.0020639834881320948
599	0.0068799449604403165
600	0.003783969728242174
601	0.0068799449604403165
602	0.007223942208462332
603	0.0010319917440660474
604	0.005503955968352253
605	0.011007911936704506
606	0.005159958720330237
607	0.005847953216374269
608	0.005503955968352253
609	0.01719986240110079
610	0.013071895424836602
611	0.013071895424836602
612	0.011351909184726523
613	0.009287925696594427
614	0.006535947712418301
615	0.009631922944616443
616	0.030959752321981424
617	0.002407980736154111
618	0.018575851393188854
619	0.0013759889920880633
620	0.002407980736154111
621	0.026831785345717233
622	0.0034399724802201583
623	0.014447884416924664
624	0.0027519779841761265
625	0.029927760577915376
626	0.005847953216374269
627	0.003783969728242174
628	0.003095975232198142
629	0.004815961472308222
630	0.003095975232198142
631	0.007223942208462332
632	0.004815961472308222
633	0.005159958720330237
634	0.006535947712418301
635	0.0010319917440660474
636	0.005159958720330237
637	0.003783969728242174
638	0.007223942208462332
639	0.002407980736154111
640	0.0020639834881320948
641	0.0034399724802201583
642	0.0020639834881320948
643	0.005847953216374269
644	0.0034399724802201583
645	0.004815961472308222
646	0.006191950464396284
647	0.003095975232198142
648	0.003095975232198142
649	0.0006879944960440316
650	0.005159958720330237
651	0.007223942208462332
652	0.01479188166494668
653	0.003095975232198142
654	0.0020639834881320948
655	0.014103887168902648
656	0.005503955968352253
657	0.011351909184726523
658	0.011351909184726523
659	0.0034399724802201583
660	0.006191950464396284
661	0.005503955968352253
662	0.013759889920880633
663	0.011695906432748537
664	0.011007911936704506
665	0.024079807361541108
666	0.015135878912968696
667	0.008255933952528379
668	0.005847953216374269
669	0.13587891296869625
670	0.009631922944616443
671	0.008255933952528379
672	0.014103887168902648
673	0.011007911936704506
674	0.0020639834881320948
675	0.017543859649122806
676	0.0003439972480220158
677	0.0013759889920880633
678	0.0020639834881320948
679	0.0013759889920880633
680	0.00894392844857241
681	0.003783969728242174
682	0.0013759889920880633
683	0.0006879944960440316
684	0.007223942208462332
685	0.0027519779841761265
686	0.007223942208462332
687	0.0013759889920880633
688	0.0027519779841761265
689	0.007223942208462332
690	0.0027519779841761265
691	0.005503955968352253
692	0.005847953216374269
693	0.004471964224286205
694	0.0034399724802201583
695	0.005847953216374269
696	0.005159958720330237
697	0.008599931200550396
698	0.005503955968352253
699	0.004471964224286205
700	0.006191950464396284
701	0.012727898176814585
702	0.00894392844857241
703	0.00894392844857241
704	0.005847953216374269
705	0.014103887168902648
706	0.005159958720330237
707	0.006191950464396284
708	0.016511867905056758
709	0.0034399724802201583
710	0.0068799449604403165
711	0.0017199862401100791
712	0.0027519779841761265
713	0.0068799449604403165
714	0.0027519779841761265
715	0.002407980736154111
716	0.004471964224286205
717	0.003095975232198142
718	0.008255933952528379
719	0.004471964224286205
720	0.0020639834881320948
721	0.003783969728242174
722	0.006191950464396284
723	0.004815961472308222
724	0.024767801857585137
725	0.0068799449604403165
726	0.0068799449604403165
727	0.00894392844857241
728	0.0034399724802201583
729	0.002407980736154111
730	0.0041279669762641896
731	0.007223942208462332
732	0.005503955968352253
733	0.004471964224286205
734	0.0020639834881320948
735	0.0010319917440660474
736	0.003783969728242174
737	0.004815961472308222
738	0.005159958720330237
739	0.008255933952528379
740	0.0010319917440660474
741	0.0017199862401100791
742	0.0010319917440660474
743	0.0017199862401100791
744	0.005503955968352253
745	0.02373581011351909
746	0.0034399724802201583
747	0.0068799449604403165
748	0.004815961472308222
749	0.005847953216374269
750	0.007567939456484348
751	0.003095975232198142
752	0.007911936704506364
753	0.0020639834881320948
754	0.01582387340901273
755	0.013415892672858616
756	0.010319917440660475
757	0.0196078431372549
758	0.009631922944616443
759	0.006191950464396284
760	0.004815961472308222
761	0.005847953216374269
762	0.005503955968352253
763	0.021671826625386997
764	0.0034399724802201583
765	0.003095975232198142
766	0.003783969728242174
767	0.012383900928792569
768	0.034055727554179564
769	0.0017199862401100791
770	0.0013759889920880633
771	0.005847953216374269
772	0.013071895424836602
773	0.0027519779841761265
774	0.002407980736154111
775	0.007567939456484348
776	0.004471964224286205
777	0.029239766081871343
778	0.002407980736154111
779	0.0020639834881320948
780	0.0027519779841761265
781	0.005847953216374269
782	0.009975920192638458
783	0.005847953216374269
784	0.010319917440660475
785	0.02786377708978328
786	0.004471964224286205
787	0.002407980736154111
788	0.0027519779841761265
789	0.005503955968352253
790	0.022359821121431027
791	0.013759889920880633
792	0.005503955968352253
793	0.005503955968352253
794	0.008255933952528379
795	0.007911936704506364
796	0.02063983488132095
797	0.024767801857585137
798	0.0013759889920880633
799	0.002407980736154111
800	0.0010319917440660474
801	0.012727898176814585
802	0.004815961472308222
803	0.004471964224286205
804	0.0027519779841761265
805	0.013415892672858616
806	0.0034399724802201583
807	0.0034399724802201583
808	0.0068799449604403165
809	0.014447884416924664
810	0.0017199862401100791
811	0.009975920192638458
812	0.004471964224286205
813	0.012039903680770554
814	0.003783969728242174
815	0.006191950464396284
816	0.0027519779841761265
817	0.003095975232198142
818	0.0034399724802201583
819	0.008599931200550396
820	0.003095975232198142
821	0.004815961472308222
822	0.006535947712418301
823	0.007567939456484348
824	0.006535947712418301
825	0.009631922944616443
826	0.0041279669762641896
827	0.009975920192638458
828	0.003095975232198142
829	0.005159958720330237
830	0.0034399724802201583
831	0.0020639834881320948
832	0.0027519779841761265
833	0.0034399724802201583
834	0.003783969728242174
835	0.009631922944616443
836	0.003095975232198142
837	0.014447884416924664
838	0.0034399724802201583
839	0.0013759889920880633
840	0.0027519779841761265
841	0.004471964224286205
842	0.033023735810113516
843	0.004815961472308222
844	0.018575851393188854
845	0.006191950464396284
846	0.005159958720330237
847	0.0017199862401100791
848	0.0034399724802201583
849	0.006535947712418301
850	0.0013759889920880633
851	0.0017199862401100791
852	0.005503955968352253
853	0.0020639834881320948
854	0.0034399724802201583
855	0.0034399724802201583
856	0.006191950464396284
857	0.002407980736154111
858	0.006535947712418301
859	0.0017199862401100791
860	0.005503955968352253
861	0.009975920192638458
862	0.0068799449604403165
863	0.003095975232198142
864	0.002407980736154111
865	0.0013759889920880633
866	0.005159958720330237
867	0.007223942208462332
868	0.008599931200550396
869	0.014103887168902648
870	0.003095975232198142
871	0.0027519779841761265
872	0.0020639834881320948
873	0.002407980736154111
874	0.0041279669762641896
875	0.0027519779841761265
876	0.05228758169934641
877	0.012727898176814585
878	0.009631922944616443
879	0.011007911936704506
880	0.009287925696594427
881	0.0041279669762641896
882	0.003783969728242174
883	0.04609563123495012
884	0.003095975232198142
885	0.0068799449604403165
886	0.003095975232198142
887	0.0017199862401100791
888	0.022015823873409012
889	0.003783969728242174
890	0.0041279669762641896
891	0.003783969728242174
892	0.0010319917440660474
893	0.0003439972480220158
894	0.005159958720330237
895	0.0041279669762641896
896	0.005503955968352253
897	0.0068799449604403165
898	0.004815961472308222
899	0.006535947712418301
900	0.012727898176814585
901	0.004471964224286205
902	0.005159958720330237
903	0.0034399724802201583
904	0.008255933952528379
905	0.0006879944960440316
906	0.005159958720330237
907	0.003783969728242174
908	0.005847953216374269
909	0.0010319917440660474
910	0.0020639834881320948
911	0.0034399724802201583
912	0.0027519779841761265
913	0.0017199862401100791
914	0.0041279669762641896
915	0.0017199862401100791
916	0.004471964224286205
917	0.012383900928792569
918	0.003783969728242174
919	0.006535947712418301
920	0.005503955968352253
921	0.0020639834881320948
922	0.0034399724802201583
923	0.003095975232198142
924	0.0034399724802201583
925	0.003095975232198142
926	0.003783969728242174
927	0.0034399724802201583
928	0.0006879944960440316
929	0.005159958720330237
930	0.049535603715170275
931	0.009975920192638458
932	0.004815961472308222
933	0.027175782593739248
934	0.0027519779841761265
935	0.0041279669762641896
936	0.0034399724802201583
937	0.005503955968352253
938	0.004471964224286205
939	0.005503955968352253
940	0.005503955968352253
941	0.003095975232198142
942	0.006191950464396284
943	0.004815961472308222
944	0.007223942208462332
945	0.005503955968352253
946	0.004471964224286205
947	0.007911936704506364
948	0.009975920192638458
949	0.007567939456484348
950	0.005847953216374269
951	0.0034399724802201583
952	0.004471964224286205
953	0.0041279669762641896
954	0.0034399724802201583
955	0.006191950464396284
956	0.009287925696594427
957	0.005503955968352253
958	0.0003439972480220158
959	0.005847953216374269
960	0.016855865153078776
961	0.0017199862401100791
962	0.005159958720330237
963	0.006191950464396284
964	0.0020639834881320948
965	0.0020639834881320948
966	0.004471964224286205
967	0.007911936704506364
968	0.0013759889920880633
969	0.0041279669762641896
970	0.003095975232198142
971	0.003095975232198142
972	0.0017199862401100791
973	0.0041279669762641896
974	0.003783969728242174
975	0.0041279669762641896
976	0.006191950464396284
977	0.005503955968352253
978	0.009287925696594427
979	0.0034399724802201583
980	0.009975920192638458
981	0.011007911936704506
982	0.0196078431372549
983	0.013071895424836602
984	0.013759889920880633
985	0.02786377708978328
986	0.007911936704506364
987	0.03990368077055383
988	0.005159958720330237
989	0.003095975232198142
990	0.01788785689714482
991	0.005159958720330237
992	0.04265565875472996
993	0.009631922944616443
994	0.004471964224286205
995	0.0041279669762641896
996	0.004815961472308222
997	0.0041279669762641896
998	0.0013759889920880633
999	0.008255933952528379
1000	0.0041279669762641896
1001	0.026487788097695218
1002	0.005159958720330237
1003	0.0017199862401100791
1004	0.0017199862401100791
1005	0.0196078431372549
1006	0.0006879944960440316
1007	0.0041279669762641896
1008	0.01479188166494668
1009	0.0041279669762641896
1010	0.003095975232198142
1011	0.0027519779841761265
1012	0.003095975232198142
1013	0.0017199862401100791
1014	0.0017199862401100791
1015	0.006535947712418301
1016	0.004471964224286205
1017	0.012039903680770554
1018	0.015479876160990712
1019	0.003783969728242174
1020	0.005503955968352253
1021	0.012039903680770554
1022	0.004815961472308222
1023	0.007223942208462332
1024	0.004471964224286205
1025	0.0068799449604403165
1026	0.007567939456484348
1027	0.004815961472308222
1028	0.0034399724802201583
1029	0.0034399724802201583
1030	0.024767801857585137
1031	0.01582387340901273
1032	0.004471964224286205
1033	0.007567939456484348
1034	0.0034399724802201583
1035	0.00894392844857241
1036	0.004815961472308222
1037	0.009631922944616443
1038	0.012383900928792569
1039	0.01719986240110079
1040	0.0027519779841761265
1041	0.003095975232198142
1042	0.0013759889920880633
1043	0.003783969728242174
1044	0.005159958720330237
1045	0.0010319917440660474
1046	0.0041279669762641896
1047	0.0041279669762641896
1048	0.004815961472308222
1049	0.0041279669762641896
1050	0.005503955968352253
1051	0.0068799449604403165
1052	0.004471964224286205
1053	0.007223942208462332
1054	0.004815961472308222
1055	0.005159958720330237
1056	0.012727898176814585
1057	0.003095975232198142
1058	0.0017199862401100791
1059	0.003095975232198142
1060	0.005503955968352253
1061	0.006535947712418301
1062	0.011695906432748537
1063	0.003783969728242174
1064	0.012039903680770554
1065	0.022015823873409012
1066	0.004815961472308222
1067	0.004815961472308222
1068	0.0041279669762641896
1069	0.0041279669762641896
1070	0.0034399724802201583
1071	0.006191950464396284
1072	0.0010319917440660474
1073	0.006535947712418301
1074	0.0027519779841761265
1075	0.005847953216374269
1076	0.003095975232198142
1077	0.0041279669762641896
1078	0.004815961472308222
1079	0.005159958720330237
1080	0.009975920192638458
1081	0.012039903680770554
1082	0.0017199862401100791
1083	0.0017199862401100791
1084	0.005503955968352253
1085	0.005847953216374269
1086	0.0020639834881320948
1087	0.003095975232198142
1088	0.0027519779841761265
1089	0.006191950464396284
1090	0.004471964224286205
1091	0.023391812865497075
1092	0.012039903680770554
1093	0.004471964224286205
1094	0.0006879944960440316
1095	0.0006879944960440316
1096	0.012727898176814585
1097	0.0010319917440660474
1098	0.010319917440660475
1099	0.0027519779841761265
1100	0.003783969728242174
1101	0.0034399724802201583
1102	0.0034399724802201583
1103	0.016167870657034743
1104	0.009631922944616443
1105	0.002407980736154111
1106	0.0017199862401100791
1107	0.0017199862401100791
1108	0.005503955968352253
1109	0.0013759889920880633
1110	0.005503955968352253
1111	0.002407980736154111
1112	0.005159958720330237
1113	0.002407980736154111
1114	0.004471964224286205
1115	0.004815961472308222
1116	0.0034399724802201583
1117	0.008255933952528379
1118	0.0017199862401100791
1119	0.006191950464396284
1120	0.0017199862401100791
1121	0.020983832129342964
1122	0.0068799449604403165
1123	0.005847953216374269
1124	0.033367733058135535
1125	0.004471964224286205
1126	0.006535947712418301
1127	0.0068799449604403165
1128	0.0020639834881320948
1129	0.005847953216374269
1130	0.007223942208462332
1131	0.003783969728242174
1132	0.0017199862401100791
1133	0.0041279669762641896
1134	0.0020639834881320948
1135	0.0041279669762641896
1136	0.003783969728242174
1137	0.009287925696594427
1138	0.007223942208462332
1139	0.011007911936704506
1140	0.003095975232198142
1141	0.013071895424836602
1142	0.009975920192638458
1143	0.011695906432748537
1144	0.029239766081871343
1145	0.002407980736154111
1146	0.0027519779841761265
1147	0.0010319917440660474
1148	0.011007911936704506
1149	0.0027519779841761265
1150	0.002407980736154111
1151	0.0010319917440660474
1152	0.011351909184726523
1153	0.004815961472308222
1154	0.0020639834881320948
1155	0.003783969728242174
1156	0.008599931200550396
1157	0.009287925696594427
1158	0.002407980736154111
1159	0.003783969728242174
1160	0.005159958720330237
1161	0.004471964224286205
1162	0.003783969728242174
1163	0.002407980736154111
1164	0.029927760577915376
1165	0.004815961472308222
1166	0.004471964224286205
1167	0.01582387340901273
1168	0.0013759889920880633
1169	0.0034399724802201583
1170	0.005503955968352253
1171	0.003783969728242174
1172	0.007567939456484348
1173	0.0017199862401100791
1174	0.005847953216374269
1175	0.0027519779841761265
1176	0.010319917440660475
1177	0.007911936704506364
1178	0.02545579635362917
1179	0.010319917440660475
1180	0.003095975232198142
1181	0.0034399724802201583
1182	0.012727898176814585
1183	0.003783969728242174
1184	0.0017199862401100791
1185	0.003095975232198142
1186	0.005159958720330237
1187	0.005847953216374269
1188	0.0034399724802201583
1189	0.006535947712418301
1190	0.012039903680770554
1191	0.0020639834881320948
1192	0.02063983488132095
1193	0.004471964224286205
1194	0.007223942208462332
1195	0.004815961472308222
1196	0.0068799449604403165
1197	0.007223942208462332
1198	0.03439972480220158
1199	0.005159958720330237
1200	0.002407980736154111
1201	0.004471964224286205
1202	0.0020639834881320948
1203	0.013415892672858616
1204	0.008255933952528379
1205	0.005159958720330237
1206	0.004815961472308222
1207	0.0020639834881320948
1208	0.003783969728242174
1209	0.005503955968352253
1210	0.0027519779841761265
1211	0.006191950464396284
1212	0.003095975232198142
1213	0.007223942208462332
1214	0.002407980736154111
1215	0.005159958720330237
1216	0.005503955968352253
1217	0.0020639834881320948
1218	0.011695906432748537
1219	0.033367733058135535
1220	0.0027519779841761265
1221	0.004471964224286205
1222	0.016855865153078776
1223	0.0017199862401100791
1224	0.0020639834881320948
1225	0.0068799449604403165
1226	0.0027519779841761265
1227	0.004471964224286205
1228	0.0041279669762641896
1229	0.003783969728242174
1230	0.005503955968352253
1231	0.028551771585827314
1232	0.0041279669762641896
1233	0.0034399724802201583
1234	0.004815961472308222
1235	0.002407980736154111
1236	0.0034399724802201583
1237	0.00894392844857241
1238	0.028207774337805296
1239	0.0013759889920880633
1240	0.003095975232198142
1241	0.0034399724802201583
1242	0.0013759889920880633
1243	0.008255933952528379
1244	0.004815961472308222
1245	0.0020639834881320948
1246	0.006535947712418301
1247	0.003095975232198142
1248	0.005503955968352253
1249	0.0027519779841761265
1250	0.0034399724802201583
1251	0.005847953216374269
1252	0.0020639834881320948
1253	0.0010319917440660474
1254	0.005847953216374269
1255	0.005159958720330237
1256	0.0041279669762641896
1257	0.0027519779841761265
1258	0.0010319917440660474
1259	0.005503955968352253
1260	0.008599931200550396
1261	0.02304781561747506
1262	0.0017199862401100791
1263	0.003095975232198142
1264	0.018575851393188854
1265	0.008599931200550396
1266	0.005503955968352253
1267	0.004471964224286205
1268	0.011351909184726523
1269	0.010319917440660475
1270	0.006535947712418301
1271	0.005847953216374269
1272	0.010319917440660475
1273	0.002407980736154111
1274	0.005847953216374269
1275	0.012383900928792569
1276	0.006535947712418301
1277	0.0027519779841761265
1278	0.0020639834881320948
1279	0.0034399724802201583
1280	0.007567939456484348
1281	0.003095975232198142
1282	0.0013759889920880633
1283	0.012383900928792569
1284	0.0010319917440660474
1285	0.0003439972480220158
1286	0.022359821121431027
1287	0.004471964224286205
1288	0.0027519779841761265
1289	0.0027519779841761265
1290	0.005159958720330237
1291	0.009287925696594427
1292	0.017543859649122806
1293	0.0196078431372549
1294	0.004815961472308222
1295	0.004815961472308222
1296	0.003783969728242174
1297	0.006535947712418301
1298	0.005503955968352253
1299	0.0017199862401100791
1300	0.0017199862401100791
1301	0.0017199862401100791
1302	0.003783969728242174
1303	0.0010319917440660474
1304	0.004815961472308222
1305	0.006535947712418301
1306	0.0013759889920880633
1307	0.0010319917440660474
1308	0.013415892672858616
1309	0.004471964224286205
1310	0.0020639834881320948
1311	0.005847953216374269
1312	0.020983832129342964
1313	0.0010319917440660474
1314	0.013759889920880633
1315	0.022703818369453045
1316	0.005159958720330237
1317	0.0041279669762641896
1318	0.007223942208462332
1319	0.004471964224286205
1320	0.005159958720330237
1321	0.005847953216374269
1322	0.005503955968352253
1323	0.007567939456484348
1324	0.015135878912968696
1325	0.007911936704506364
1326	0.01066391468868249
1327	0.003783969728242174
1328	0.004471964224286205
1329	0.0017199862401100791
1330	0.010319917440660475
1331	0.0027519779841761265
1332	0.006535947712418301
1333	0.0034399724802201583
1334	0.0017199862401100791
1335	0.005159958720330237
1336	0.003783969728242174
1337	0.004815961472308222
1338	0.00894392844857241
1339	0.005503955968352253
1340	0.007567939456484348
1341	0.008255933952528379
1342	0.003783969728242174
1343	0.002407980736154111
1344	0.008255933952528379
1345	0.010319917440660475
1346	0.003095975232198142
1347	0.008255933952528379
1348	0.0020639834881320948
1349	0.003783969728242174
1350	0.00894392844857241
1351	0.003095975232198142
1352	0.0027519779841761265
1353	0.0020639834881320948
1354	0.00894392844857241
1355	0.008255933952528379
1356	0.005503955968352253
1357	0.003783969728242174
1358	0.004471964224286205
1359	0.007911936704506364
1360	0.005503955968352253
1361	0.0006879944960440316
1362	0.004815961472308222
1363	0.004471964224286205
1364	0.007223942208462332
1365	0.007567939456484348
1366	0.003095975232198142
1367	0.024767801857585137
1368	0.007223942208462332
1369	0.0013759889920880633
1370	0.0017199862401100791
1371	0.002407980736154111
1372	0.0017199862401100791
1373	0.0041279669762641896
1374	0.007911936704506364
1375	0.003783969728242174
1376	0.0034399724802201583
1377	0.0010319917440660474
1378	0.007567939456484348
1379	0.007911936704506364
1380	0.0010319917440660474
1381	0.0006879944960440316
1382	0.003783969728242174
1383	0.0020639834881320948
1384	0.0020639834881320948
1385	0.012727898176814585
1386	0.002407980736154111
1387	0.0041279669762641896
1388	0.002407980736154111
1389	0.006191950464396284
1390	0.005159958720330237
1391	0.022703818369453045
1392	0.0020639834881320948
1393	0.009631922944616443
1394	0.0041279669762641896
1395	0.0027519779841761265
1396	0.0020639834881320948
1397	0.04850361197110423
1398	0.013415892672858616
1399	0.013759889920880633
1400	0.004471964224286205
1401	0.0017199862401100791
1402	0.0010319917440660474
1403	0.008255933952528379
1404	0.0003439972480220158
1405	0.0010319917440660474
1406	0.0006879944960440316
1407	0.008255933952528379
1408	0.003783969728242174
1409	0.0041279669762641896
1410	0.006191950464396284
1411	0.0017199862401100791
1412	0.0010319917440660474
1413	0.003095975232198142
1414	0.006191950464396284
1415	0.009287925696594427
1416	0.0034399724802201583
1417	0.0010319917440660474
1418	0.002407980736154111
1419	0.0020639834881320948
1420	0.004815961472308222
1421	0.002407980736154111
1422	0.004471964224286205
1423	0.009631922944616443
1424	0.0034399724802201583
1425	0.008599931200550396
1426	0.05125558995528036
1427	0.003095975232198142
1428	0.002407980736154111
1429	0.005159958720330237
1430	0.011695906432748537
1431	0.002407980736154111
1432	0.0006879944960440316
1433	0.003095975232198142
1434	0.003095975232198142
1435	0.0027519779841761265
1436	0.005159958720330237
1437	0.003783969728242174
1438	0.007223942208462332
1439	0.01066391468868249
1440	0.029927760577915376
1441	0.0027519779841761265
1442	0.003095975232198142
1443	0.006535947712418301
1444	0.0020639834881320948
1445	0.009631922944616443
1446	0.004471964224286205
1447	0.009975920192638458
1448	0.0013759889920880633
1449	0.0017199862401100791
1450	0.0017199862401100791
1451	0.0034399724802201583
1452	0.0041279669762641896
1453	0.0027519779841761265
1454	0.007911936704506364
1455	0.0041279669762641896
1456	0.0013759889920880633
1457	0.0020639834881320948
1458	0.005847953216374269
1459	0.0027519779841761265
1460	0.0017199862401100791
1461	0.004815961472308222
1462	0.011695906432748537
1463	0.01066391468868249
1464	0.0027519779841761265
1465	0.0010319917440660474
1466	0.003783969728242174
1467	0.0034399724802201583
1468	0.0027519779841761265
1469	0.003095975232198142
1470	0.0068799449604403165
1471	0.0034399724802201583
1472	0.012039903680770554
1473	0.011695906432748537
1474	0.004815961472308222
1475	0.0041279669762641896
1476	0.010319917440660475
1477	0.004815961472308222
1478	0.0017199862401100791
1479	0.003783969728242174
1480	0.012039903680770554
1481	0.0006879944960440316
1482	0.0006879944960440316
1483	0.013071895424836602
1484	0.0027519779841761265
1485	0.0041279669762641896
1486	0.0006879944960440316
1487	0.0006879944960440316
1488	0.004471964224286205
1489	0.008255933952528379
1490	0.011351909184726523
1491	0.03783969728242174
1492	0.012383900928792569
1493	0.008599931200550396
1494	0.0013759889920880633
1495	0.002407980736154111
1496	0.0041279669762641896
1497	0.005503955968352253
1498	0.010319917440660475
1499	0.0006879944960440316
1500	0.0006879944960440316
1501	0.022359821121431027
1502	0.0013759889920880633
1503	0.0034399724802201583
1504	0.01582387340901273
1505	0.0017199862401100791
1506	0.003095975232198142
1507	0.011007911936704506
1508	0.0027519779841761265
1509	0.003095975232198142
1510	0.0017199862401100791
1511	0.002407980736154111
1512	0.0020639834881320948
1513	0.011007911936704506
1514	0.003783969728242174
1515	0.0034399724802201583
1516	0.0034399724802201583
1517	0.009975920192638458
1518	0.044031647746818024
1519	0.003783969728242174
1520	0.0027519779841761265
1521	0.011695906432748537
1522	0.011007911936704506
1523	0.005847953216374269
1524	0.011695906432748537
1525	0.0041279669762641896
1526	0.007223942208462332
1527	0.0013759889920880633
1528	0.0020639834881320948
1529	0.0034399724802201583
1530	0.0034399724802201583
1531	0.003095975232198142
1532	0.016511867905056758
1533	0.008599931200550396
1534	0.002407980736154111
1535	0.007567939456484348
1536	0.002407980736154111
1537	0.01066391468868249
1538	0.005847953216374269
1539	0.003095975232198142
1540	0.003095975232198142
1541	0.008255933952528379
1542	0.02063983488132095
1543	0.011695906432748537
1544	0.004471964224286205
1545	0.0020639834881320948
1546	0.0003439972480220158
1547	0.0013759889920880633
1548	0.004815961472308222
1549	0.01582387340901273
1550	0.0010319917440660474
1551	0.005159958720330237
1552	0.0020639834881320948
1553	0.0013759889920880633
1554	0.0013759889920880633
1555	0.0020639834881320948
1556	0.005847953216374269
1557	0.005159958720330237
1558	0.0034399724802201583
1559	0.007567939456484348
1560	0.007223942208462332
1561	0.005847953216374269
1562	0.0034399724802201583
1563	0.005847953216374269
1564	0.003095975232198142
1565	0.005503955968352253
1566	0.005847953216374269
1567	0.005159958720330237
1568	0.022359821121431027
1569	0.004815961472308222
1570	0.0034399724802201583
1571	0.0041279669762641896
1572	0.004815961472308222
1573	0.0041279669762641896
1574	0.0020639834881320948
1575	0.0013759889920880633
1576	0.007223942208462332
1577	0.004471964224286205
1578	0.005503955968352253
1579	0.00894392844857241
1580	0.003095975232198142
1581	0.002407980736154111
1582	0.005159958720330237
1583	0.009287925696594427
1584	0.002407980736154111
1585	0.0027519779841761265
1586	0.0003439972480220158
1587	0.002407980736154111
1588	0.002407980736154111
1589	0.0020639834881320948
1590	0.0020639834881320948
1591	0.0020639834881320948
1592	0.013071895424836602
1593	0.012039903680770554
1594	0.0017199862401100791
1595	0.0020639834881320948
1596	0.0017199862401100791
1597	0.007223942208462332
1598	0.0068799449604403165
1599	0.009631922944616443
1600	0.0027519779841761265
1601	0.007223942208462332
1602	0.016855865153078776
1603	0.01066391468868249
1604	0.002407980736154111
1605	0.0027519779841761265
1606	0.007911936704506364
1607	0.007911936704506364
1608	0.005503955968352253
1609	0.004471964224286205
1610	0.0041279669762641896
1611	0.005159958720330237
1612	0.009975920192638458
1613	0.0020639834881320948
1614	0.0010319917440660474
1615	0.00894392844857241
1616	0.0027519779841761265
1617	0.0034399724802201583
1618	0.0017199862401100791
1619	0.0006879944960440316
1620	0.003783969728242174
1621	0.003095975232198142
1622	0.011351909184726523
1623	0.0027519779841761265
1624	0.006191950464396284
1625	0.0034399724802201583
1626	0.005503955968352253
1627	0.004471964224286205
1628	0.0017199862401100791
1629	0.005847953216374269
1630	0.00894392844857241
1631	0.0027519779841761265
1632	0.0006879944960440316
1633	0.0013759889920880633
1634	0.003783969728242174
1635	0.0027519779841761265
1636	0.004815961472308222
1637	0.0003439972480220158
1638	0.012039903680770554
1639	0.004471964224286205
1640	0.0027519779841761265
1641	0.0003439972480220158
1642	0.0010319917440660474
1643	0.008599931200550396
1644	0.002407980736154111
1645	0.0010319917440660474
1646	0.016855865153078776
1647	0.009631922944616443
1648	0.0034399724802201583
1649	0.003095975232198142
1650	0.0013759889920880633
1651	0.00894392844857241
1652	0.02304781561747506
1653	0.004471964224286205
1654	0.003095975232198142
1655	0.0010319917440660474
1656	0.004471964224286205
1657	0.003783969728242174
1658	0.0010319917440660474
1659	0.0020639834881320948
1660	0.004471964224286205
1661	0.0034399724802201583
1662	0.007223942208462332
1663	0.0013759889920880633
1664	0.0010319917440660474
1665	0.005159958720330237
1666	0.0013759889920880633
1667	0.004815961472308222
1668	0.002407980736154111
1669	0.008255933952528379
1670	0.0006879944960440316
1671	0.0003439972480220158
1672	0.0010319917440660474
1673	0.003095975232198142
1674	0.005847953216374269
1675	0.0013759889920880633
1676	0.003783969728242174
1677	0.0068799449604403165
1678	0.007223942208462332
1679	0.054351565187478496
1680	0.007223942208462332
1681	0.011007911936704506
1682	0.004815961472308222
1683	0.0020639834881320948
1684	0.002407980736154111
1685	0.0034399724802201583
1686	0.008255933952528379
1687	0.005503955968352253
1688	0.00894392844857241
1689	0.007223942208462332
1690	0.0010319917440660474
1691	0.0020639834881320948
1692	0.006191950464396284
1693	0.0006879944960440316
1694	0.0017199862401100791
1695	0.0017199862401100791
1696	0.007911936704506364
1697	0.004815961472308222
1698	0.004471964224286205
1699	0.0020639834881320948
1700	0.011695906432748537
1701	0.0034399724802201583
1702	0.0020639834881320948
1703	0.0020639834881320948
1704	0.01788785689714482
1705	0.012727898176814585
1706	0.0041279669762641896
1707	0.008255933952528379
1708	0.0034399724802201583
1709	0.0034399724802201583
1710	0.0017199862401100791
1711	0.0020639834881320948
1712	0.007567939456484348
1713	0.0013759889920880633
1714	0.003783969728242174
1715	0.014103887168902648
1716	0.006191950464396284
1717	0.007911936704506364
1718	0.004471964224286205
1719	0.009975920192638458
1720	0.007911936704506364
1721	0.008255933952528379
1722	0.005847953216374269
1723	0.005847953216374269
1724	0.004815961472308222
1725	0.0017199862401100791
1726	0.020983832129342964
1727	0.008255933952528379
1728	0.0068799449604403165
1729	0.018575851393188854
1730	0.002407980736154111
1731	0.011695906432748537
1732	0.005159958720330237
1733	0.0034399724802201583
1734	0.004471964224286205
1735	0.012039903680770554
1736	0.005159958720330237
1737	0.009287925696594427
1738	0.004471964224286205
1739	0.005503955968352253
1740	0.0041279669762641896
1741	0.005503955968352253
1742	0.008255933952528379
1743	0.0041279669762641896
1744	0.003783969728242174
1745	0.003783969728242174
1746	0.012039903680770554
1747	0.03508771929824561
1748	0.0003439972480220158
1749	0.02545579635362917
1750	0.006535947712418301
1751	0.005847953216374269
1752	0.005847953216374269
1753	0.0034399724802201583
1754	0.004471964224286205
1755	0.005159958720330237
1756	0.002407980736154111
1757	0.0013759889920880633
1758	0.0020639834881320948
1759	0.005159958720330237
1760	0.006191950464396284
1761	0.0041279669762641896
1762	0.022359821121431027
1763	0.0017199862401100791
1764	0.007567939456484348
1765	0.004815961472308222
1766	0.0020639834881320948
1767	0.0034399724802201583
1768	0.01066391468868249
1769	0.0027519779841761265
1770	0.0068799449604403165
1771	0.010319917440660475
1772	0.0017199862401100791
1773	0.002407980736154111
1774	0.010319917440660475
1775	0.01066391468868249
1776	0.008255933952528379
1777	0.011351909184726523
1778	0.0017199862401100791
1779	0.011351909184726523
1780	0.005159958720330237
1781	0.004471964224286205
1782	0.004471964224286205
1783	0.006191950464396284
1784	0.0027519779841761265
1785	0.009631922944616443
1786	0.011351909184726523
1787	0.0017199862401100791
1788	0.013071895424836602
1789	0.008599931200550396
1790	0.005159958720330237
1791	0.002407980736154111
1792	0.0013759889920880633
1793	0.005503955968352253
1794	0.0041279669762641896
1795	0.0010319917440660474
1796	0.0010319917440660474
1797	0.004471964224286205
1798	0.0027519779841761265
1799	0.004815961472308222
1800	0.005847953216374269
1801	0.0041279669762641896
1802	0.003095975232198142
1803	0.0027519779841761265
1804	0.0041279669762641896
1805	0.008255933952528379
1806	0.0041279669762641896
1807	0.008599931200550396
1808	0.0006879944960440316
1809	0.0006879944960440316
1810	0.0006879944960440316
1811	0.00894392844857241
1812	0.004471964224286205
1813	0.0017199862401100791
1814	0.009287925696594427
1815	0.006191950464396284
1816	0.007911936704506364
1817	0.005503955968352253
1818	0.002407980736154111
1819	0.0034399724802201583
1820	0.011007911936704506
1821	0.0041279669762641896
1822	0.0010319917440660474
1823	0.00894392844857241
1824	0.0068799449604403165
1825	0.006191950464396284
1826	0.0010319917440660474
1827	0.020983832129342964
1828	0.010319917440660475
1829	0.0010319917440660474
1830	0.0020639834881320948
1831	0.007567939456484348
1832	0.008255933952528379
1833	0.006191950464396284
1834	0.005159958720330237
1835	0.004471964224286205
1836	0.0041279669762641896
1837	0.0017199862401100791
1838	0.005503955968352253
1839	0.0006879944960440316
1840	0.0020639834881320948
1841	0.003783969728242174
1842	0.0034399724802201583
1843	0.0006879944960440316
1844	0.004815961472308222
1845	0.008255933952528379
1846	0.004471964224286205
1847	0.0017199862401100791
1848	0.0027519779841761265
1849	0.0010319917440660474
1850	0.0020639834881320948
1851	0.008255933952528379
1852	0.008599931200550396
1853	0.004815961472308222
1854	0.0013759889920880633
1855	0.0003439972480220158
1856	0.008255933952528379
1857	0.005159958720330237
1858	0.008255933952528379
1859	0.005159958720330237
1860	0.003095975232198142
1861	0.003095975232198142
1862	0.0010319917440660474
1863	0.0034399724802201583
1864	0.011351909184726523
1865	0.0034399724802201583
1866	0.0003439972480220158
1867	0.0010319917440660474
1868	0.003783969728242174
1869	0.0010319917440660474
1870	0.006191950464396284
1871	0.003783969728242174
1872	0.005503955968352253
1873	0.0041279669762641896
1874	0.008255933952528379
1875	0.004815961472308222
1876	0.013071895424836602
1877	0.008255933952528379
1878	0.005503955968352253
1879	0.0010319917440660474
1880	0.0010319917440660474
1881	0.0013759889920880633
1882	0.004815961472308222
1883	0.005847953216374269
1884	0.0010319917440660474
1885	0.0017199862401100791
1886	0.0027519779841761265
1887	0.003783969728242174
1888	0.005159958720330237
1889	0.012727898176814585
1890	0.004815961472308222
1891	0.00894392844857241
1892	0.002407980736154111
1893	0.004471964224286205
1894	0.0010319917440660474
1895	0.004471964224286205
1896	0.004815961472308222
1897	0.003783969728242174
1898	0.010319917440660475
1899	0.006191950464396284
1900	0.007567939456484348
1901	0.003095975232198142
1902	0.016511867905056758
1903	0.004471964224286205
1904	0.002407980736154111
1905	0.0020639834881320948
1906	0.009287925696594427
1907	0.004471964224286205
1908	0.002407980736154111
1909	0.0017199862401100791
1910	0.0013759889920880633
1911	0.0068799449604403165
1912	0.010319917440660475
1913	0.0041279669762641896
1914	0.007911936704506364
1915	0.006535947712418301
1916	0.00894392844857241
1917	0.005503955968352253
1918	0.003783969728242174
1919	0.01788785689714482
1920	0.006535947712418301
1921	0.003095975232198142
1922	0.0017199862401100791
1923	0.016855865153078776
1924	0.011007911936704506
1925	0.0034399724802201583
1926	0.0041279669762641896
1927	0.014103887168902648
1928	0.003095975232198142
1929	0.0041279669762641896
1930	0.012039903680770554
1931	0.0027519779841761265
1932	0.003095975232198142
1933	0.00894392844857241
1934	0.0017199862401100791
1935	0.0027519779841761265
1936	0.006191950464396284
1937	0.005847953216374269
1938	0.0020639834881320948
1939	0.005503955968352253
1940	0.005503955968352253
1941	0.004471964224286205
1942	0.0027519779841761265
1943	0.005159958720330237
1944	0.00894392844857241
1945	0.006191950464396284
1946	0.0020639834881320948
1947	0.0041279669762641896
1948	0.0068799449604403165
1949	0.0027519779841761265
1950	0.005503955968352253
1951	0.006535947712418301
1952	0.016511867905056758
1953	0.004815961472308222
1954	0.004471964224286205
1955	0.003095975232198142
1956	0.0017199862401100791
1957	0.006535947712418301
1958	0.004471964224286205
1959	0.008599931200550396
1960	0.005159958720330237
1961	0.005847953216374269
1962	0.0003439972480220158
1963	0.005159958720330237
1964	0.003095975232198142
1965	0.0017199862401100791
1966	0.016511867905056758
1967	0.008599931200550396
1968	0.0006879944960440316
1969	0.006191950464396284
1970	0.007567939456484348
1971	0.005503955968352253
1972	0.003783969728242174
1973	0.00894392844857241
1974	0.0392156862745098
1975	0.003783969728242174
1976	0.0034399724802201583
1977	0.013759889920880633
1978	0.01066391468868249
1979	0.01066391468868249
1980	0.006191950464396284
1981	0.0020639834881320948
1982	0.0034399724802201583
1983	0.0020639834881320948
1984	0.007567939456484348
1985	0.003783969728242174
1986	0.0068799449604403165
1987	0.004815961472308222
1988	0.002407980736154111
1989	0.0003439972480220158
1990	0.003783969728242174
1991	0.0034399724802201583
1992	0.003095975232198142
1993	0.006535947712418301
1994	0.003783969728242174
1995	0.0034399724802201583
1996	0.003095975232198142
1997	0.003783969728242174
1998	0.0017199862401100791
1999	0.009975920192638458
2000	0.009287925696594427
2001	0.003095975232198142
2002	0.0034399724802201583
2003	0.011351909184726523
2004	0.0010319917440660474
2005	0.014447884416924664
2006	0.002407980736154111
2007	0.013071895424836602
2008	0.002407980736154111
2009	0.002407980736154111
2010	0.006535947712418301
2011	0.005159958720330237
2012	0.0017199862401100791
2013	0.004815961472308222
2014	0.0027519779841761265
2015	0.005847953216374269
2016	0.0020639834881320948
2017	0.0027519779841761265
2018	0.0006879944960440316
2019	0.004815961472308222
2020	0.004471964224286205
2021	0.0041279669762641896
2022	0.013759889920880633
2023	0.003783969728242174
2024	0.009287925696594427
2025	0.007567939456484348
2026	0.007223942208462332
2027	0.006191950464396284
2028	0.0010319917440660474
2029	0.0006879944960440316
2030	0.012383900928792569
2031	0.008599931200550396
2032	0.005159958720330237
2033	0.016511867905056758
2034	0.0034399724802201583
2035	0.01479188166494668
2036	0.0006879944960440316
2037	0.005159958720330237
2038	0.0017199862401100791
2039	0.0020639834881320948
2040	0.007567939456484348
2041	0.0041279669762641896
2042	0.003095975232198142
2043	0.00894392844857241
2044	0.005503955968352253
2045	0.007911936704506364
2046	0.003095975232198142
2047	0.0034399724802201583
2048	0.003095975232198142
2049	0.0013759889920880633
2050	0.0010319917440660474
2051	0.0041279669762641896
2052	0.004471964224286205
2053	0.022015823873409012
2054	0.0034399724802201583
2055	0.009631922944616443
2056	0.003783969728242174
2057	0.0010319917440660474
2058	0.004471964224286205
2059	0.01582387340901273
2060	0.004471964224286205
2061	0.015135878912968696
2062	0.015135878912968696
2063	0.01066391468868249
2064	0.005847953216374269
2065	0.0034399724802201583
2066	0.0006879944960440316
2067	0.0027519779841761265
2068	0.0013759889920880633
2069	0.0010319917440660474
2070	0.002407980736154111
2071	0.004471964224286205
2072	0.013759889920880633
2073	0.003095975232198142
2074	0.0020639834881320948
2075	0.005847953216374269
2076	0.00894392844857241
2077	0.0010319917440660474
2078	0.0020639834881320948
2079	0.0017199862401100791
2080	0.0041279669762641896
2081	0.0006879944960440316
2082	0.004471964224286205
2083	0.0006879944960440316
2084	0.005847953216374269
2085	0.008599931200550396
2086	0.004471964224286205
2087	0.005159958720330237
2088	0.0034399724802201583
2089	0.004815961472308222
2090	0.006535947712418301
2091	0.016855865153078776
2092	0.002407980736154111
2093	0.007567939456484348
2094	0.011007911936704506
2095	0.0013759889920880633
2096	0.0017199862401100791
2097	0.004471964224286205
2098	0.0041279669762641896
2099	0.008599931200550396
2100	0.005847953216374269
2101	0.0027519779841761265
2102	0.0068799449604403165
2103	0.00894392844857241
2104	0.002407980736154111
2105	0.002407980736154111
2106	0.0020639834881320948
2107	0.0010319917440660474
2108	0.0013759889920880633
2109	0.009975920192638458
2110	0.004471964224286205
2111	0.008255933952528379
2112	0.0041279669762641896
2113	0.008599931200550396
2114	0.0003439972480220158
2115	0.012039903680770554
2116	0.029239766081871343
2117	0.008599931200550396
2118	0.005159958720330237
2119	0.0068799449604403165
2120	0.003783969728242174
2121	0.007567939456484348
2122	0.005159958720330237
2123	0.0013759889920880633
2124	0.0020639834881320948
2125	0.005847953216374269
2126	0.0013759889920880633
2127	0.004471964224286205
2128	0.0034399724802201583
2129	0.006535947712418301
2130	0.0003439972480220158
2131	0.008599931200550396
2132	0.009975920192638458
2133	0.033023735810113516
2134	0.007911936704506364
2135	0.0068799449604403165
2136	0.002407980736154111
2137	0.0013759889920880633
2138	0.006191950464396284
2139	0.004471964224286205
2140	0.005159958720330237
2141	0.006535947712418301
2142	0.0041279669762641896
2143	0.029239766081871343
2144	0.004815961472308222
2145	0.004815961472308222
2146	0.011007911936704506
2147	0.0017199862401100791
2148	0.0041279669762641896
2149	0.005159958720330237
2150	0.004471964224286205
2151	0.0034399724802201583
2152	0.003095975232198142
2153	0.008599931200550396
2154	0.0010319917440660474
2155	0.005159958720330237
2156	0.0006879944960440316
2157	0.015135878912968696
2158	0.007911936704506364
2159	0.0017199862401100791
2160	0.0010319917440660474
2161	0.005847953216374269
2162	0.013415892672858616
2163	0.0017199862401100791
2164	0.0027519779841761265
2165	0.006191950464396284
2166	0.013759889920880633
2167	0.0041279669762641896
2168	0.0013759889920880633
2169	0.0010319917440660474
2170	0.0003439972480220158
2171	0.003783969728242174
2172	0.0034399724802201583
2173	0.0017199862401100791
2174	0.0013759889920880633
2175	0.005847953216374269
2176	0.003095975232198142
2177	0.003095975232198142
2178	0.017543859649122806
2179	0.0041279669762641896
2180	0.005503955968352253
2181	0.003095975232198142
2182	0.0017199862401100791
2183	0.0013759889920880633
2184	0.0010319917440660474
2185	0.006535947712418301
2186	0.0027519779841761265
2187	0.005503955968352253
2188	0.0027519779841761265
2189	0.0041279669762641896
2190	0.005159958720330237
2191	0.003095975232198142
2192	0.0027519779841761265
2193	0.0027519779841761265
2194	0.009287925696594427
2195	0.004815961472308222
2196	0.007567939456484348
2197	0.009287925696594427
2198	0.0017199862401100791
2199	0.0017199862401100791
2200	0.0013759889920880633
2201	0.006191950464396284
2202	0.0013759889920880633
2203	0.005159958720330237
2204	0.003783969728242174
2205	0.0020639834881320948
2206	0.0013759889920880633
2207	0.002407980736154111
2208	0.0017199862401100791
2209	0.003095975232198142
2210	0.005503955968352253
2211	0.004815961472308222
2212	0.0027519779841761265
2213	0.028207774337805296
2214	0.01066391468868249
2215	0.007223942208462332
2216	0.002407980736154111
2217	0.007911936704506364
2218	0.0041279669762641896
2219	0.01788785689714482
2220	0.003783969728242174
2221	0.044031647746818024
2222	0.004471964224286205
2223	0.004815961472308222
2224	0.007911936704506364
2225	0.003783969728242174
2226	0.0034399724802201583
2227	0.024423804609563123
2228	0.004471964224286205
2229	0.0034399724802201583
2230	0.0017199862401100791
2231	0.020983832129342964
2232	0.003095975232198142
2233	0.008599931200550396
2234	0.003095975232198142
2235	0.008255933952528379
2236	0.004471964224286205
2237	0.0017199862401100791
2238	0.0013759889920880633
2239	0.006535947712418301
2240	0.006535947712418301
2241	0.020295837633298935
2242	0.0027519779841761265
2243	0.004471964224286205
2244	0.003095975232198142
2245	0.005503955968352253
2246	0.008599931200550396
2247	0.006191950464396284
2248	0.007223942208462332
2249	0.009975920192638458
2250	0.002407980736154111
2251	0.003783969728242174
2252	0.0041279669762641896
2253	0.005159958720330237
2254	0.0027519779841761265
2255	0.0034399724802201583
2256	0.003095975232198142
2257	0.003783969728242174
2258	0.004815961472308222
2259	0.006535947712418301
2260	0.0013759889920880633
2261	0.0017199862401100791
2262	0.0027519779841761265
2263	0.004815961472308222
2264	0.011007911936704506
2265	0.002407980736154111
2266	0.003783969728242174
2267	0.0041279669762641896
2268	0.01066391468868249
2269	0.0027519779841761265
2270	0.004471964224286205
2271	0.0041279669762641896
2272	0.009975920192638458
2273	0.007223942208462332
2274	0.005847953216374269
2275	0.011351909184726523
2276	0.006535947712418301
2277	0.0013759889920880633
2278	0.0013759889920880633
2279	0.013759889920880633
2280	0.005847953216374269
2281	0.006191950464396284
2282	0.0027519779841761265
2283	0.005503955968352253
2284	0.004815961472308222
2285	0.005159958720330237
2286	0.004471964224286205
2287	0.004471964224286205
2288	0.007567939456484348
2289	0.011695906432748537
2290	0.009631922944616443
2291	0.0027519779841761265
2292	0.0017199862401100791
2293	0.0017199862401100791
2294	0.005503955968352253
2295	0.004471964224286205
2296	0.012383900928792569
2297	0.01891984864121087
2298	0.007223942208462332
2299	0.0020639834881320948
2300	0.0027519779841761265
2301	0.005159958720330237
2302	0.0027519779841761265
2303	0.0020639834881320948
2304	0.0027519779841761265
2305	0.011007911936704506
2306	0.009287925696594427
2307	0.003095975232198142
2308	0.0003439972480220158
2309	0.0010319917440660474
2310	0.0041279669762641896
2311	0.0041279669762641896
2312	0.004471964224286205
2313	0.01066391468868249
2314	0.0034399724802201583
2315	0.005159958720330237
2316	0.0068799449604403165
2317	0.0017199862401100791
2318	0.0020639834881320948
2319	0.005159958720330237
2320	0.012727898176814585
2321	0.007911936704506364
2322	0.0041279669762641896
2323	0.004471964224286205
2324	0.004815961472308222
2325	0.002407980736154111
2326	0.0010319917440660474
2327	0.0013759889920880633
2328	0.0041279669762641896
2329	0.004471964224286205
2330	0.007223942208462332
2331	0.0017199862401100791
2332	0.0017199862401100791
2333	0.003783969728242174
2334	0.004471964224286205
2335	0.009975920192638458
2336	0.0010319917440660474
2337	0.004471964224286205
2338	0.01719986240110079
2339	0.00894392844857241
2340	0.002407980736154111
2341	0.005159958720330237
2342	0.0068799449604403165
2343	0.005847953216374269
2344	0.014447884416924664
2345	0.006535947712418301
2346	0.005503955968352253
2347	0.003783969728242174
2348	0.005159958720330237
2349	0.0027519779841761265
2350	0.0017199862401100791
2351	0.008255933952528379
2352	0.0010319917440660474
2353	0.0006879944960440316
2354	0.013071895424836602
2355	0.0027519779841761265
2356	0.006191950464396284
2357	0.0020639834881320948
2358	0.006191950464396284
2359	0.003095975232198142
2360	0.0010319917440660474
2361	0.0010319917440660474
2362	0.007567939456484348
2363	0.0027519779841761265
2364	0.011007911936704506
2365	0.0013759889920880633
2366	0.003095975232198142
2367	0.005847953216374269
2368	0.006191950464396284
2369	0.0027519779841761265
2370	0.00894392844857241
2371	0.006535947712418301
2372	0.007567939456484348
2373	0.005159958720330237
2374	0.005159958720330237
2375	0.004815961472308222
2376	0.0027519779841761265
2377	0.008255933952528379
2378	0.02304781561747506
2379	0.007567939456484348
2380	0.008599931200550396
2381	0.0034399724802201583
2382	0.0020639834881320948
2383	0.005847953216374269
2384	0.003783969728242174
2385	0.0003439972480220158
2386	0.0041279669762641896
2387	0.01066391468868249
2388	0.005159958720330237
2389	0.0027519779841761265
2390	0.0003439972480220158
2391	0.0003439972480220158
2392	0.0034399724802201583
2393	0.007567939456484348
2394	0.008599931200550396
2395	0.005159958720330237
2396	0.003783969728242174
2397	0.0020639834881320948
2398	0.0017199862401100791
2399	0.0017199862401100791
2400	0.005847953216374269
2401	0.007911936704506364
2402	0.0010319917440660474
2403	0.0017199862401100791
2404	0.015135878912968696
2405	0.005159958720330237
2406	0.005503955968352253
2407	0.0006879944960440316
2408	0.006191950464396284
2409	0.006191950464396284
2410	0.012039903680770554
2411	0.0041279669762641896
2412	0.0003439972480220158
2413	0.006191950464396284
2414	0.009287925696594427
2415	0.006535947712418301
2416	0.0041279669762641896
2417	0.015479876160990712
2418	0.01788785689714482
2419	0.005847953216374269
2420	0.004815961472308222
2421	0.0068799449604403165
2422	0.0020639834881320948
2423	0.0010319917440660474
2424	0.002407980736154111
2425	0.003783969728242174
2426	0.0034399724802201583
2427	0.006191950464396284
2428	0.006191950464396284
2429	0.005159958720330237
2430	0.0017199862401100791
2431	0.004815961472308222
2432	0.011695906432748537
2433	0.005159958720330237
2434	0.0027519779841761265
2435	0.005503955968352253
2436	0.0017199862401100791
2437	0.0017199862401100791
2438	0.00894392844857241
2439	0.0020639834881320948
2440	0.004471964224286205
2441	0.004471964224286205
2442	0.013759889920880633
2443	0.007911936704506364
2444	0.0020639834881320948
2445	0.006535947712418301
2446	0.01479188166494668
2447	0.007911936704506364
2448	0.0010319917440660474
2449	0.012383900928792569
2450	0.004471964224286205
2451	0.0006879944960440316
2452	0.005159958720330237
2453	0.003095975232198142
2454	0.020295837633298935
2455	0.00894392844857241
2456	0.020295837633298935
2457	0.005503955968352253
2458	0.004815961472308222
2459	0.0068799449604403165
2460	0.0034399724802201583
2461	0.025799793601651185
2462	0.003095975232198142
2463	0.003095975232198142
2464	0.006191950464396284
2465	0.0010319917440660474
2466	0.004471964224286205
2467	0.0010319917440660474
2468	0.0013759889920880633
2469	0.0010319917440660474
2470	0.003095975232198142
2471	0.005159958720330237
2472	0.0034399724802201583
2473	0.0020639834881320948
2474	0.0041279669762641896
2475	0.0013759889920880633
2476	0.008599931200550396
2477	0.0041279669762641896
2478	0.002407980736154111
2479	0.006535947712418301
2480	0.0013759889920880633
2481	0.005847953216374269
2482	0.003783969728242174
2483	0.0034399724802201583
2484	0.003783969728242174
2485	0.003095975232198142
2486	0.003783969728242174
2487	0.002407980736154111
2488	0.0041279669762641896
2489	0.0017199862401100791
2490	0.0041279669762641896
2491	0.004815961472308222
2492	0.0010319917440660474
2493	0.0020639834881320948
2494	0.004471964224286205
2495	0.0041279669762641896
2496	0.0010319917440660474
2497	0.009287925696594427
2498	0.005847953216374269
2499	0.0027519779841761265
2500	0.02373581011351909
2501	0.0020639834881320948
2502	0.0010319917440660474
2503	0.0068799449604403165
2504	0.0017199862401100791
2505	0.002407980736154111
2506	0.0003439972480220158
2507	0.0041279669762641896
2508	0.005503955968352253
2509	0.003783969728242174
2510	0.007223942208462332
2511	0.003095975232198142
2512	0.006535947712418301
2513	0.002407980736154111
2514	0.0010319917440660474
2515	0.007911936704506364
2516	0.004471964224286205
2517	0.0027519779841761265
2518	0.002407980736154111
2519	0.004815961472308222
2520	0.0020639834881320948
2521	0.004815961472308222
2522	0.0068799449604403165
2523	0.0027519779841761265
2524	0.011007911936704506
2525	0.005159958720330237
2526	0.008255933952528379
2527	0.0013759889920880633
2528	0.003095975232198142
2529	0.0006879944960440316
2530	0.0017199862401100791
2531	0.0017199862401100791
2532	0.0020639834881320948
2533	0.006535947712418301
2534	0.0010319917440660474
2535	0.011007911936704506
2536	0.011351909184726523
2537	0.009287925696594427
2538	0.0013759889920880633
2539	0.006535947712418301
2540	0.00894392844857241
2541	0.007911936704506364
2542	0.01066391468868249
2543	0.0034399724802201583
2544	0.002407980736154111
2545	0.002407980736154111
2546	0.005847953216374269
2547	0.004471964224286205
2548	0.013759889920880633
2549	0.002407980736154111
2550	0.0017199862401100791
2551	0.007223942208462332
2552	0.005159958720330237
2553	0.005503955968352253
2554	0.004471964224286205
2555	0.003095975232198142
2556	0.0003439972480220158
2557	0.0003439972480220158
2558	0.009287925696594427
2559	0.0034399724802201583
2560	0.0013759889920880633
2561	0.003095975232198142
2562	0.0017199862401100791
2563	0.003095975232198142
2564	0.002407980736154111
2565	0.005159958720330237
2566	0.0013759889920880633
2567	0.003095975232198142
2568	0.0006879944960440316
2569	0.003095975232198142
2570	0.0013759889920880633
2571	0.0017199862401100791
2572	0.0041279669762641896
2573	0.005847953216374269
2574	0.003095975232198142
2575	0.0027519779841761265
2576	0.0041279669762641896
2577	0.0034399724802201583
2578	0.007911936704506364
2579	0.0017199862401100791
2580	0.002407980736154111
2581	0.0041279669762641896
2582	0.004471964224286205
2583	0.0003439972480220158
2584	0.007223942208462332
2585	0.003095975232198142
2586	0.003095975232198142
2587	0.005847953216374269
2588	0.0020639834881320948
2589	0.0006879944960440316
2590	0.021671826625386997
2591	0.0041279669762641896
2592	0.004471964224286205
2593	0.0041279669762641896
2594	0.0068799449604403165
2595	0.011695906432748537
2596	0.006191950464396284
2597	0.006191950464396284
2598	0.005847953216374269
2599	0.0034399724802201583
2600	0.005159958720330237
2601	0.004815961472308222
2602	0.0020639834881320948
2603	0.004471964224286205
2604	0.008599931200550396
2605	0.002407980736154111
2606	0.0020639834881320948
2607	0.008255933952528379
2608	0.0041279669762641896
2609	0.0041279669762641896
2610	0.0017199862401100791
2611	0.004815961472308222
2612	0.005159958720330237
2613	0.0034399724802201583
2614	0.0010319917440660474
2615	0.009287925696594427
2616	0.00894392844857241
2617	0.004815961472308222
2618	0.0068799449604403165
2619	0.004471964224286205
2620	0.006191950464396284
2621	0.004815961472308222
2622	0.0041279669762641896
2623	0.0013759889920880633
2624	0.008599931200550396
2625	0.003783969728242174
2626	0.0020639834881320948
2627	0.002407980736154111
2628	0.003095975232198142
2629	0.002407980736154111
2630	0.003783969728242174
2631	0.0034399724802201583
2632	0.0020639834881320948
2633	0.008255933952528379
2634	0.004471964224286205
2635	0.0020639834881320948
2636	0.004471964224286205
2637	0.0027519779841761265
2638	0.003095975232198142
2639	0.0020639834881320948
2640	0.005159958720330237
2641	0.004471964224286205
2642	0.00894392844857241
2643	0.011007911936704506
2644	0.0041279669762641896
2645	0.012039903680770554
2646	0.0041279669762641896
2647	0.0020639834881320948
2648	0.0013759889920880633
2649	0.0017199862401100791
2650	0.003095975232198142
2651	0.0020639834881320948
2652	0.010319917440660475
2653	0.006191950464396284
2654	0.005847953216374269
2655	0.0027519779841761265
2656	0.0017199862401100791
2657	0.015479876160990712
2658	0.0041279669762641896
2659	0.004815961472308222
2660	0.005159958720330237
2661	0.002407980736154111
2662	0.004815961472308222
2663	0.003783969728242174
2664	0.004471964224286205
2665	0.003783969728242174
2666	0.013071895424836602
2667	0.002407980736154111
2668	0.0020639834881320948
2669	0.007567939456484348
2670	0.0034399724802201583
2671	0.007223942208462332
2672	0.005159958720330237
2673	0.003783969728242174
2674	0.004471964224286205
2675	0.003783969728242174
2676	0.005847953216374269
2677	0.0034399724802201583
2678	0.0017199862401100791
2679	0.012383900928792569
2680	0.007567939456484348
2681	0.0013759889920880633
2682	0.007911936704506364
2683	0.00894392844857241
2684	0.0010319917440660474
2685	0.0010319917440660474
2686	0.030959752321981424
2687	0.00894392844857241
2688	0.0010319917440660474
2689	0.0010319917440660474
2690	0.009287925696594427
2691	0.0041279669762641896
2692	0.012383900928792569
2693	0.0006879944960440316
2694	0.0010319917440660474
2695	0.0017199862401100791
2696	0.0027519779841761265
2697	0.0041279669762641896
2698	0.003095975232198142
2699	0.0003439972480220158
2700	0.006535947712418301
2701	0.0017199862401100791
2702	0.002407980736154111
2703	0.0027519779841761265
2704	0.004815961472308222
2705	0.0017199862401100791
2706	0.0013759889920880633
2707	0.015135878912968696
2708	0.003095975232198142
2709	0.0020639834881320948
2710	0.0041279669762641896
2711	0.0020639834881320948
2712	0.013759889920880633
2713	0.004815961472308222
2714	0.003095975232198142
2715	0.004815961472308222
2716	0.013759889920880633
2717	0.003095975232198142
2718	0.004815961472308222
2719	0.006191950464396284
2720	0.0010319917440660474
2721	0.0034399724802201583
2722	0.005159958720330237
2723	0.0041279669762641896
2724	0.004471964224286205
2725	0.006535947712418301
2726	0.005847953216374269
2727	0.009975920192638458
2728	0.0017199862401100791
2729	0.007911936704506364
2730	0.0010319917440660474
2731	0.0010319917440660474
2732	0.015135878912968696
2733	0.02545579635362917
2734	0.0010319917440660474
2735	0.0006879944960440316
2736	0.004815961472308222
2737	0.0068799449604403165
2738	0.01066391468868249
2739	0.004815961472308222
2740	0.0027519779841761265
2741	0.004815961472308222
2742	0.005159958720330237
2743	0.006535947712418301
2744	0.003095975232198142
2745	0.0003439972480220158
2746	0.0020639834881320948
2747	0.0020639834881320948
2748	0.005159958720330237
2749	0.0010319917440660474
2750	0.003095975232198142
2751	0.004815961472308222
2752	0.006535947712418301
2753	0.005847953216374269
2754	0.006191950464396284
2755	0.0068799449604403165
2756	0.005159958720330237
2757	0.002407980736154111
2758	0.0010319917440660474
2759	0.0003439972480220158
2760	0.0010319917440660474
2761	0.0013759889920880633
2762	0.0013759889920880633
2763	0.005159958720330237
2764	0.002407980736154111
2765	0.003783969728242174
2766	0.005159958720330237
2767	0.0013759889920880633
2768	0.010319917440660475
2769	0.007567939456484348
2770	0.0006879944960440316
2771	0.009287925696594427
2772	0.0006879944960440316
2773	0.003095975232198142
2774	0.005503955968352253
2775	0.0041279669762641896
2776	0.0027519779841761265
2777	0.003095975232198142
2778	0.002407980736154111
2779	0.0017199862401100791
2780	0.0068799449604403165
2781	0.0041279669762641896
2782	0.0020639834881320948
2783	0.0020639834881320948
2784	0.005847953216374269
2785	0.0013759889920880633
2786	0.0013759889920880633
2787	0.003783969728242174
2788	0.003783969728242174
2789	0.007911936704506364
2790	0.0020639834881320948
2791	0.0006879944960440316
2792	0.006191950464396284
2793	0.011007911936704506
2794	0.005847953216374269
2795	0.0041279669762641896
2796	0.0006879944960440316
2797	0.003095975232198142
2798	0.0017199862401100791
2799	0.0010319917440660474
2800	0.0041279669762641896
2801	0.003095975232198142
2802	0.003095975232198142
2803	0.006535947712418301
2804	0.008255933952528379
2805	0.0034399724802201583
2806	0.0041279669762641896
2807	0.010319917440660475
2808	0.0010319917440660474
2809	0.003095975232198142
2810	0.0027519779841761265
2811	0.0020639834881320948
2812	0.004815961472308222
2813	0.008255933952528379
2814	0.0027519779841761265
2815	0.004471964224286205
2816	0.0013759889920880633
2817	0.0027519779841761265
2818	0.007223942208462332
2819	0.00894392844857241
2820	0.0041279669762641896
2821	0.007567939456484348
2822	0.0003439972480220158
2823	0.006535947712418301
2824	0.004471964224286205
2825	0.007223942208462332
2826	0.016511867905056758
2827	0.0013759889920880633
2828	0.008255933952528379
2829	0.003095975232198142
2830	0.003783969728242174
2831	0.005847953216374269
2832	0.003095975232198142
2833	0.004471964224286205
2834	0.005503955968352253
2835	0.004815961472308222
2836	0.0020639834881320948
2837	0.002407980736154111
2838	0.0013759889920880633
2839	0.0020639834881320948
2840	0.002407980736154111
2841	0.007223942208462332
2842	0.004815961472308222
2843	0.0017199862401100791
2844	0.005503955968352253
2845	0.0010319917440660474
2846	0.0034399724802201583
2847	0.0006879944960440316
2848	0.0068799449604403165
2849	0.0006879944960440316
2850	0.0020639834881320948
2851	0.0010319917440660474
2852	0.0017199862401100791
2853	0.004815961472308222
2854	0.004815961472308222
2855	0.009631922944616443
2856	0.015135878912968696
2857	0.005847953216374269
2858	0.0034399724802201583
2859	0.009631922944616443
2860	0.00894392844857241
2861	0.0034399724802201583
2862	0.006191950464396284
2863	0.006191950464396284
2864	0.006191950464396284
2865	0.006191950464396284
2866	0.0068799449604403165
2867	0.005503955968352253
2868	0.0017199862401100791
2869	0.0017199862401100791
2870	0.007567939456484348
2871	0.004471964224286205
2872	0.0027519779841761265
2873	0.011007911936704506
2874	0.0027519779841761265
2875	0.005159958720330237
2876	0.002407980736154111
2877	0.007911936704506364
2878	0.004471964224286205
2879	0.0027519779841761265
2880	0.0041279669762641896
2881	0.0013759889920880633
2882	0.007911936704506364
2883	0.004471964224286205
2884	0.002407980736154111
2885	0.02786377708978328
2886	0.0017199862401100791
2887	0.003783969728242174
2888	0.0017199862401100791
2889	0.0006879944960440316
2890	0.004815961472308222
2891	0.003783969728242174
2892	0.0041279669762641896
2893	0.003095975232198142
2894	0.002407980736154111
2895	0.005847953216374269
2896	0.003095975232198142
2897	0.007223942208462332
2898	0.006191950464396284
2899	0.0017199862401100791
2900	0.015479876160990712
2901	0.0020639834881320948
2902	0.00894392844857241
2903	0.004815961472308222
2904	0.0041279669762641896
2905	0.003095975232198142
2906	0.002407980736154111
2907	0.0020639834881320948
