14072	0.004784157736193539
1774	0.004329377516797114
66	0.0056561868026894484
14073	0.0012633476682597327
14074	0.00020883434857494473
777	0.01150403185048186
14075	0.0006864524447092466
214	0.009527693085040702
14076	0.0
14077	0.015203431184798024
669	0.02211595772523293
14078	0.0
72	0.12482229637191085
12447	2.1029684925149525e-06
14079	6.889128080965366e-05
490	0.010973048468549821
14080	0.00030215427158847
11109	0.00020883434857494476
14081	0.0006112660303425093
14082	0.0012640798810752034
9859	0.00020883434857494473
14083	0.0
759	0.0020414745292069935
14084	0.0049824848528608415
2204	1.0748036468087737e-07
14085	0.0
14086	0.0031596103195306703
8567	0.00020883434857494473
5161	0.0014692346979476205
14087	0.0008303281428622369
120	0.03785144000975724
14088	0.0004025391621322475
8698	0.0004175612167852086
14089	0.0006261806046307916
14090	0.00196306986164054
14091	0.0006263418251778129
14092	6.650282425014327e-05
266	0.0002976481500991057
11339	0.0
14093	0.0
14094	0.0
14095	0.00010436343410513193
14096	0.00016702448671408342
254	0.00020066584085919804
12525	0.0
14097	0.0
14098	0.0
14099	0.0
11780	0.0
14100	0.0
11081	0.00034945576131991096
14101	0.0003606354342032942
14102	0.0021621251701487
1491	0.002505578591494867
7631	0.0
14103	0.0
14104	0.000417614956967549
14105	0.006150578927574181
1222	0.0034042635222107276
14106	0.0008411632290318738
195	0.05375858743707975
14107	0.0008869705561196784
8925	0.0003929027624275828
13335	0.0
14108	0.002710009915063642
14109	0.0
14110	0.0010400964457139069
3510	0.0017444452628193126
14111	0.004952572764895398
14112	0.00037583379524494656
9494	0.0005359225353692784
14113	0.0
14114	0.0
337	0.00047116406310411063
14115	0.006383139014417959
1518	0.018654512024020065
14116	0.0
1839	2.1496072936175473e-07
14117	0.0008950536979978411
11071	0.00014701240982868737
1	0.038212798064609026
14118	0.0008946941163162752
12789	0.0
14119	0.0017851482099197117
14120	0.001918474092565406
8181	1.644449579617424e-06
14121	0.0
6721	0.0
14122	0.00020883434857494473
14123	0.0004175612167852086
14124	0.00020883434857494473
5381	0.0
14125	0.031101384344859997
3098	0.00176622529671098
4415	0.0011050782321906111
14126	0.00513000287029795
14127	0.0003063604125999174
6611	0.0006468317543366079
14128	0.0036527803855488836
7479	5.3740182340438683e-08
14129	0.0
6827	0.00041756121678520854
14130	0.0002088343485749447
14131	0.000417614956967549
14132	0.0011234072405010601
10696	0.00020883434857494473
1001	0.0012167554960509671
14133	0.0012690340109849118
9477	0.0
14134	0.0
14135	0.0
6399	0.0
11431	0.0
14136	0.008118664739493254
14137	0.00322581537277371
858	0.0004175612167852086
14138	0.007764050664841683
10004	0.0
14139	1.6122054702131604e-07
14140	0.000417614956967549
31	0.0026046019881362024
27	0.13756008988489946
14141	0.005498008404372983
3982	3.740376113923303e-05
14142	0.0028879621789807386
14143	0.0008411632290318738
14144	0.00020883434857494473
4378	0.0
14145	0.0
14146	4.38997578407672e-05
8387	0.004201629595331087
14147	0.008572710620944227
12416	0.0
14148	0.0008348537326587149
14149	0.0
14150	0.013747497131144475
25	0.04869083640896325
14151	0.0
5498	5.3740182340438683e-08
14152	0.0068422951623207185
11455	0.0
14153	0.004844769574809245
14154	0.0
1866	0.0
14155	0.009253306982590918
11540	0.000660687507721565
14156	0.0008055435983538126
14157	0.000417614956967549
724	0.0039010454040270073
14158	0.025870285275390772
8058	0.0
14159	0.00020883434857494473
14160	3.5803701016732454e-06
205	0.00014732684118426082
14161	0.0018230561420871873
4709	0.00020883434857494473
14162	0.00020883434857494473
7134	0.001018389290277849
14163	0.002706463063029173
14164	0.002501283046853378
14165	0.003625292351044871
7203	0.0
2515	0.000417614956967549
14166	0.0035767910939758078
1198	0.008734385835616578
14167	0.00038573378389526166
14168	0.00011034853171992752
197	0.00026514300919732955
14169	0.002003064621695759
13227	0.0
14170	5.3740182340438683e-08
12737	0.00020883434857494473
14171	0.00888760512001136
14172	0.0004175612167852086
9691	0.00020883434857494473
14173	0.00022485827504659938
9360	0.0004384299024856884
14174	0.001058273282508511
5837	0.0005001892779487083
14175	0.00019428365214898752
9026	3.602702387074726e-05
10741	0.0
14176	0.002291803816090348
14177	0.008597225908233246
768	0.0038144570686368096
14178	0.00556825838896992
5066	0.00012168819002153455
14179	0.0007665804901613384
459	0.0004176149569675491
14180	0.0
14181	0.0
14182	9.40453190957677e-06
14183	0.0007787240325310872
14184	0.0
14185	0.0003500068223333543
10906	0.0
14186	0.0006262880849954724
1508	0.0
14187	0.0
3592	0.0009594886402116896
14188	0.0009232284273230794
14189	6.448821880852642e-07
3335	3.761812763830708e-07
14190	0.0
326	0.0033476757051139356
14191	0.00020883434857494473
7258	0.0
14192	0.0
894	5.3740182340438683e-08
14193	0.0016512034972372518
14194	0.0008504949928452627
1963	0.0004592335511929617
11100	1.0748036468087737e-07
14195	1.0748036468087737e-07
4393	1.6122054702131604e-07
14196	2.1496072936175473e-07
12166	0.0
14197	0.006775555948357474
14198	0.0014992487045268421
9731	0.0
14199	0.00011975306362950422
14200	0.0
14201	0.0
14202	0.003524158197164868
9047	0.0
4997	0.0
14203	4.836616410639481e-07
7	0.0
14204	0.0
14205	0.0
5966	0.0010100207531162704
14206	0.0027811842863385
14207	0.0
14208	0.0007786702923487487
14209	0.0010591601475670187
14210	0.00020883434857494473
14211	2.687009117021934e-07
5112	6.986223704257029e-07
1219	0.003678819499881456
14212	0.0
74	0.005005022779656955
14213	0.007403007709963021
14214	0.0
14215	0.014581974682526802
57	0.012502989806760626
4832	0.0
14216	5.3740182340438683e-08
14217	0.0008350149532057363
5650	0.0
14218	0.0
5794	0.0
14219	0.0009282588800387417
14220	0.0016685789214882806
7363	0.0008349074728410553
14221	0.0036585060463542834
2736	0.0014209973261569103
9450	5.3740182340438683e-08
14222	0.0
14223	0.006055186181625935
14224	0.0003736588922500263
14225	0.0008411632290318738
107	0.0
14226	0.004738604850365214
14227	0.0004175612167852086
14228	0.000417614956967549
13390	0.0
14229	0.0022935772421075824
13714	0.0
14230	5.374018234043868e-07
14231	5.3740182340438683e-08
2805	0.0
4851	0.002052147182263072
14232	0.0014081698489330488
14233	0.0004175612167852086
8072	0.00020883434857494473
14234	0.00041761495696754906
9895	0.0
14235	0.0012851247128976841
14236	0.0
14237	0.0013510205326271003
9136	0.0
14238	0.00020883434857494476
3392	0.000417614956967549
14239	0.0035767910939758078
14240	0.0
5590	0.0004480030620042005
14241	0.0006499732937379268
1733	0.0004175612167852086
14242	0.004744847987655719
876	0.005039064615869662
14243	0.000417614956967549
14244	5.308341992733971e-05
14245	1.0748036468087737e-07
14246	0.0
14247	0.0014606742780678256
3361	0.0010056656783468466
14248	0.0008350149532057363
8061	0.0
14249	0.0001261683819311129
14250	0.0
14251	0.0007333536657614825
308	0.01344935855481923
14252	0.00020883434857494473
96	0.000417614956967549
14253	0.0
14254	0.0003131977826800767
14255	0.004210036640807651
14256	0.0006262880849954725
14257	0.0
14258	0.0
3297	0.0
14259	0.00021745888442424287
12425	0.00011140710329173512
12016	0.0
14260	0.00020883434857494473
14261	0.0022935235019252423
11252	0.0
14262	0.0016158739880564404
1841	0.0017990868090308784
14263	0.0
14264	0.00020883434857494473
5189	0.007682320286112731
1482	0.0
14265	0.0006263418251778129
12902	0.0
14266	1.6122054702131604e-07
14267	0.00037217264607842366
14268	0.0006517346023808584
14269	0.005344155697908207
88	0.04944300767590886
14270	1.6122054702131604e-07
2609	0.0
14271	0.0
14272	5.3740182340438683e-08
1167	0.0
14273	0.0
14274	0.003856985708911464
14275	8.061027351065802e-07
11032	0.0
2752	0.0006263418251778129
14276	0.0
7634	0.0
14277	6.986223704257029e-07
14278	0.0002088343485749447
10847	0.00041756121678520854
14279	0.006363508404672126
14280	0.0
5816	2.1496072936175473e-07
14281	0.0119505346753666
2953	0.0008510633808790799
14282	0.00020883434857494473
11802	0.0
14283	1.7734260172344766e-06
6718	1.6122054702131604e-06
14284	0.0020551212083275905
14285	2.1496072936175473e-07
12079	0.0
14286	0.000417614956967549
11163	0.0
14287	0.00020883434857494473
14288	0.0
14289	0.0
14290	0.0
14291	0.0
14292	0.0004989474154080063
5688	0.0006349604870293348
1000	0.0
14293	0.00020883434857494473
14294	0.0012749365017226295
2771	0.0006262880849954724
14295	0.0
14296	0.0
14297	0.0
1367	0.0011926928724889344
14298	0.0
4690	5.3740182340438683e-08
1647	0.0
14299	0.005413371643912363
14300	0.0021818796428088867
14301	4.836616410639481e-07
862	2.1496072936175473e-07
14302	5.308341992733971e-05
6688	0.0004175074766028682
14303	0.0
14304	0.001703176642234954
342	0.005983736328064045
13636	0.0
14305	0.0
14306	0.0025557869445784667
11340	0.0
14307	0.0007008975375410219
14308	0.001288790036512265
6995	0.0012513938859794551
14309	0.0010433118999572766
14310	0.00020883434857494468
457	0.0004175612167852085
14311	0.0
14312	0.00010244644502935942
112	0.0032379851460075273
14313	0.0
14314	0.004880228360976641
14315	0.004707311802500726
14316	0.00013430265275140917
12408	0.00028946199775901416
14317	0.0
8366	0.000417614956967549
14318	0.0
4710	0.0
14319	0.0
8123	0.0
14320	0.000417614956967549
14321	0.0
14322	0.0
14323	0.0
1436	2.1496072936175473e-07
1657	0.00020883434857494476
14324	0.0004175612167852086
14325	0.0
14326	0.00020883434857494476
14327	0.0
14328	0.0
14329	0.0006261806046307915
14330	0.0
9307	1.6122054702131604e-07
14331	0.0010917489912484262
2324	0.0007148448979366603
14332	0.0
14333	0.0
7315	0.0
3779	2.687009117021934e-07
14334	0.0
14335	0.0
14336	0.0
10406	0.0
14337	0.0
5135	0.00020883434857494476
14338	0.0
8391	0.0
14339	0.0
14340	0.0
11165	0.0010435537307778085
4250	0.0
14341	0.0
14342	0.0026480750582188258
14343	1.9194062158137408e-05
6629	0.0011170064966661533
14344	0.0
14345	0.0
983	0.0006737182218232675
14346	0.00046957391445225305
12933	0.0
14347	0.0
12589	0.0
14348	0.0
14349	9.494695993281288e-05
14350	0.000417614956967549
12436	0.0006261806046307916
3771	0.0
14351	0.00027044336899435985
5077	0.0
14352	0.0
13473	0.0
14353	0.0
4236	0.0
14354	0.0012516625868911574
14355	0.0004175612167852086
166	0.021721678287190554
14356	0.004182980815101477
2926	2.1496072936175473e-07
14357	1.6122054702131604e-07
14358	2.687009117021934e-07
14359	0.0010985160697912504
14360	0.0
5404	0.0005793600280019432
14361	0.002958540088958737
2657	0.002037152606881732
14362	0.0006263418251778129
14363	0.0
13634	0.0
2461	0.0053835578441732415
14364	0.0054957916090122415
4248	1.6122054702131604e-07
14365	2.687009117021934e-07
14366	2.3947368554660873e-05
13769	0.0
14367	0.00020883434857494473
10032	0.0
14368	1.0748036468087737e-07
14369	0.00019370481355729955
7396	0.0
14370	0.0
14371	0.0
7894	0.0
9011	6.267741824530874e-05
14372	9.35515953712862e-06
14373	0.001100695706392359
14374	0.0
14375	0.0
14376	0.0
2793	0.0
12604	0.0
14377	0.0
14378	0.00020883434857494473
14379	0.0
9843	5.3740182340438683e-08
14380	0.0006263418251778129
8083	0.0
14381	5.3740182340438683e-08
9309	0.0
14382	0.0004175612167852086
14383	0.00023422306330213928
12177	0.0
14384	0.0
12785	0.0
5607	0.0
14385	0.0006271479279129195
2706	0.0
14386	0.0
8321	5.3740182340438683e-08
14387	0.0
14388	0.00020883434857494473
9990	0.0
14389	0.004286902632990584
472	0.005058728871771299
12942	0.0
14390	2.687009117021934e-07
14391	0.00020883434857494473
7411	0.0004175612167852086
14392	0.000624890840254621
14393	0.0
3366	0.0
14394	0.0
14395	0.00020883434857494476
807	0.0004175612167852086
14396	0.0
3161	0.0
14397	0.000417614956967549
14398	0.0
14399	0.0
14400	0.0006263418251778129
906	0.0
14401	0.0
14402	0.0
14403	0.0
14404	0.0
14405	0.0
6934	0.00020883434857494473
14406	0.0
8815	0.0
14407	5.3740182340438683e-08
14408	0.0006481141437071607
14409	0.0
12746	0.0
14410	0.00019596190121559792
11544	0.0
14411	0.0
11830	0.0
14412	5.3740182340438683e-08
14413	0.0
14414	0.0
8362	0.0
14415	0.0
14416	0.0
2015	1.6122054702131604e-07
14417	0.0
14418	0.0
14419	0.0006262880849954724
6970	0.00020883434857494473
14420	0.00020883434857494476
7719	0.0
7978	0.0
14421	0.0
14422	0.0002088880887572852
79	0.005256064697262426
14423	0.0
14424	0.0
5992	0.0
14425	0.0
14426	0.0
14427	1.0748036468087737e-07
8969	1.0748036468087737e-07
14428	0.0
5673	0.0
14429	0.0
14430	0.0
14431	0.0005426602571356272
14432	0.0008057311597865678
14433	0.0
3378	0.000417614956967549
14434	0.0
14435	0.0
14436	5.3740182340438683e-08
14437	0.0008131895006540023
110	0.011251801786488496
14438	0.0
13032	0.0
14439	0.0
14440	0.0
14441	0.0
4300	0.00020883434857494473
14442	0.0
14443	8.29132275147283e-05
5509	0.00017048920701312196
14444	0.0006261806046307916
14445	0.0
9174	5.3740182340438683e-08
10212	0.0
14446	0.0
14447	0.00022802841073308263
13515	0.0
14448	0.00020883434857494473
1747	0.0015360779355672682
14449	0.0
14450	0.0
14451	0.0
14452	0.0
14453	0.0
1380	0.0
14454	0.00020883434857494473
14455	0.0
12157	5.3740182340438683e-08
14456	0.0
7691	0.0
14457	0.00020883434857494473
14458	0.0
14459	0.0
10365	5.3740182340438683e-08
14460	0.0
14461	0.0
14462	0.00020883434857494473
14463	0.0
14464	0.0
6841	0.0
14465	0.0
14466	0.0
14467	5.3740182340438683e-08
8970	0.0
14468	0.0
14469	0.0
14470	0.0
14471	0.0008091511142039268
14472	0.0
14473	0.0
11169	0.0
14474	0.0
6545	0.00020883434857494473
14475	0.0
542	0.0007550970025318631
14476	0.0
2946	0.0006263418251778128
14477	0.0
14478	0.0007665153104496432
14479	0.0
1996	0.0004175612167852086
14480	0.00020883434857494473
14481	0.0
14482	0.0
4808	0.0
10778	0.00020883434857494473
14483	0.0
14484	0.0
2431	1.0748036468087737e-07
14485	0.0
11369	0.0
14486	0.0
12496	0.00020883434857494473
14487	0.0
14488	0.0
14489	0.0
3273	0.00020883434857494473
1130	1.6122054702131604e-07
14490	2.687009117021934e-07
14491	0.0015184065108727282
9778	0.0
14492	0.0
14493	0.0
14494	0.0
3523	5.3740182340438683e-08
14495	0.0
14496	0.0
6513	0.0
14497	0.0
14498	0.0
6227	0.0008349612130233959
5560	0.0
14499	0.00020883434857494473
14500	0.0
14501	0.0
14502	0.0016512034972372518
14503	0.0
8355	2.687009117021934e-07
14504	0.0
10543	0.0
14505	0.0
8117	0.0006261806046307916
14506	0.0004175612167852086
14507	0.0
14508	0.0
14509	0.0
14510	0.0
5890	0.0
14511	0.0
14512	0.0
14513	0.0
14514	0.0
14515	0.0
14516	0.0
14517	0.0
562	5.374018234043868e-07
14518	0.0
14519	0.0
9537	0.0
14520	0.0
14521	0.0
5068	0.0
14522	0.0
14523	0.0
14524	0.0
14525	0.0
14526	0.0
10204	1.0748036468087737e-07
14527	0.0
5378	0.0012265878944697965
14528	0.0
14529	0.0
14530	0.0
14531	0.0
3555	0.0004681298531537229
14532	0.0
13320	0.0
14533	0.0
14534	0.0
14535	0.0
1144	0.0014605506756484425
14536	0.0
14537	0.0
10979	5.3740182340438683e-08
14538	0.0
14539	0.0
5822	0.002707107945217258
14540	0.0
7030	0.0
11754	9.40453190957677e-06
47	0.0002649987249501974
2530	0.0
170	0.0022943775178213095
11795	0.0
4967	0.0
7441	0.0
4591	0.003165330308353193
8599	0.0
11418	0.0
7547	0.00014424112251162184
14052	0.00044550792462268613
2185	0.0006261806046307916
1471	8.061027351065802e-07
3956	0.0
11637	0.0
8485	0.0
9924	0.0
3759	0.0
5507	0.00020883434857494476
12478	0.0
12964	5.3740182340438683e-08
6842	0.00012657242133328636
3262	0.0
2692	0.002691344138579903
4134	0.000357619255415526
1005	0.003354916271656463
7140	0.000417614956967549
2243	0.0
9215	0.0
2344	0.00020883434857494473
6619	0.0
3522	0.00020883434857494473
555	0.0
718	0.0009521124595661011
3965	0.003177915445336577
4791	0.000417614956967549
5975	0.0
8906	0.0
12937	0.0
5891	0.00020883434857494473
6669	0.0
1817	0.0025907482014552985
11811	0.0
2658	0.0008897825815803253
1711	0.0012520387681675405
1127	0.00020883434857494473
10615	0.0
3249	0.0
7657	0.00020883434857494473
4024	0.0006379698236530041
11982	0.0
7038	5.374018234043868e-07
10027	0.0007142263930955896
12797	0.0
1899	0.0008607795188440116
7399	0.0
10994	0.0
352	0.0004174289124835548
2178	0.0012644775720874473
10998	0.0
6396	0.0
4033	0.0010815126736342419
6647	0.0006262880849954724
8207	0.0
2567	0.00020883434857494473
9364	0.001068489716430962
5104	0.0
631	0.002292287477731412
757	0.0029235717303337837
4560	0.00017752232537599885
3447	2.214140672243167e-05
13916	0.0
6410	0.0
1293	0.00260564648095851
10524	0.0
1261	0.00275042433525524
2890	0.0007534621710751222
5831	0.0004175612167852086
5669	3.248594022479518e-05
13250	0.0
4756	0.00020883434857494473
10876	0.0
2464	0.002621497227303906
11318	0.0
4390	0.0
1266	3.7241946361924004e-05
4912	0.0
12972	0.0
14002	0.0
8352	0.0
1038	0.00028995760608404957
6	0.0
13591	0.0
11000	1.7848484444979763e-05
3495	0.0
1977	0.0013202021381898592
3504	0.0
5385	0.0029480065773868033
2207	0.00020883434857494473
748	0.0
8712	0.0008346925121116936
5838	0.0
13136	0.0
8390	0.0
12651	0.0
8493	0.0008346925121116936
13895	0.0
9116	0.0
222	0.0030521852594910135
1077	0.0002911702825213139
13465	0.0
488	0.009566487869420433
2368	0.009370606259514988
732	0.0
6417	0.0
5128	0.0015684337192255389
6126	0.0
4666	0.0
13016	0.0
212	0.0006936378134902903
3207	0.0
12241	0.0
3040	0.0
1345	0.00031287534158603404
1238	0.0019214303682927537
2528	0.00020883434857494473
3084	0.0
10658	0.0
10189	0.000327529844118554
12853	0.0
3435	0.0
1956	0.0
11254	0.0
3101	0.0
11875	0.0
6906	0.0
2792	0.0
8070	0.0
6722	0.0
11981	0.0
11528	0.0004109316599934078
9303	3.224410940426321e-07
9193	0.0
13408	0.0
210	0.000417614956967549
13760	0.0
6382	0.001043096939227915
6293	0.0
3645	1.6122054702131604e-07
8628	0.0
11910	0.0
3174	0.0
1164	0.0025263386454338864
7722	0.0
6458	0.0
2854	0.0010801667083622467
10675	0.0
4966	0.0
3717	0.0
11873	0.0
13486	0.0
34	0.002987083888968076
289	0.0
4175	0.0
12174	0.0
4051	0.0
11462	0.0009789336346233148
111	0.00020883434857494473
6097	1.4012393740352326e-05
1664	0.0008346925121116936
11227	0.00012989916681853565
9949	0.0
2669	8.863492453167616e-05
1947	0.0005561786116546721
9742	0.0004255818400246524
13094	0.0
5056	0.0
9499	0.00020883434857494473
12464	0.0
4073	0.002860207131654874
11372	0.0
10656	0.0
46	0.0
13604	0.0
8350	0.0
8913	0.0
12707	0.0
4920	0.0002051875022796069
6509	0.0002148996367767033
7238	0.0
2476	0.0002088343485749447
6511	0.0
6975	0.0
6196	8.744557037239414e-06
7078	0.0
12861	0.0
2046	0.0
1605	0.0
4960	0.0004430494481238185
12473	0.0
1025	0.00038689668130420323
10672	0.00020883434857494476
9763	0.0008346925121116936
1602	0.0010840475869766705
10170	0.0
2570	0.0002088343485749447
12490	9.673232821278963e-07
2414	0.0006262880849954724
8787	0.0
12238	0.0
458	0.0004952724199490795
4136	0.000417614956967549
10513	0.0
10114	0.0007591574550027747
2058	0.0
6789	0.0027917385907623425
5994	0.0
8942	0.0
5630	0.0
2794	0.0
124	0.005029784934212341
9647	0.0
2213	0.005284774896148574
5402	0.0006262880849954723
244	0.00016520313287276883
11069	0.0
10846	0.0
13840	0.00020883434857494473
2998	0.0004806184380510602
82	0.0006297558947396122
3371	0.0
12031	0.0
6883	0.0008348537326587149
6109	0.00020883434857494473
1590	0.0
3152	0.0024139640906109244
12224	0.00020883434857494473
863	0.0
1801	8.598429174470189e-07
12035	0.0
11488	0.0004175612167852086
3890	0.0
8864	0.0
3186	0.0038248657201458407
475	0.0029139001668632663
12151	0.0
7770	0.0
5019	0.0
7533	0.0
417	0.0012513938859794551
8975	0.0
12091	0.0
8538	0.0
8018	0.0
226	0.011437753003093952
8647	0.0
13293	0.0
13855	0.0
882	0.0
3039	0.001955157387170824
12340	0.0
371	0.015824532774002368
3320	0.011094870653056796
5045	0.0
4532	0.0012516625868911574
3738	0.00020883434857494473
315	0.0018397512968859045
9857	0.0008170633823643188
6057	0.00020883434857494473
13509	0.0
4955	0.000294726515897622
2493	0.00020883434857494473
102	0.02373872050907035
10571	0.0004175612167852086
7553	0.0
1628	4.162177122266976e-05
11442	0.0
5230	0.0
6039	0.00020883434857494473
10843	0.0
1186	0.0014818370467583675
8432	0.002291266414266944
8047	0.0
11	0.001500195323374663
4835	0.00020883434857494473
11686	0.0
1199	0.0
5397	0.00020883434857494473
485	0.0
13709	0.0
1187	0.0016685789214882806
3502	0.0
2417	1.0748036468087737e-07
12936	0.0
10207	0.0
2697	0.0
10953	0.0
10716	0.0
9800	0.0
8050	0.0
8800	0.0
4256	0.0
7966	0.0
1528	0.00020883434857494473
10010	0.0
3691	9.07312699936632e-06
12768	0.0
5017	0.0
9676	0.0
6684	0.0002846918467779077
9775	0.00020867312802792343
2189	0.0
5677	0.0008346925121116936
395	8.270614062193513e-05
5530	0.0001554046095020854
10576	0.0
1142	0.0004175612167852086
1686	6.634356295878256e-05
7958	0.0
8396	0.0
12748	0.0006105828838530226
9429	0.0
1395	0.0
85	0.0
1231	0.0018764459467810976
3953	0.00015091348790593874
11019	0.008010408994075626
9510	0.0
2527	0.0004175612167852086
10557	0.00025435009134520145
6294	0.0
9135	0.0
5901	0.0
11487	0.0
10279	0.0
3034	0.0012518238074381786
2931	6.517610641497927e-05
3917	0.0006683881642968381
13354	0.0
592	0.0008350149532057363
4631	0.000417614956967549
8015	0.0
9563	0.0
7035	0.0024999932824772077
686	0.003085222670573916
12033	0.0
6012	0.0006261806046307916
11759	0.0
13327	0.0
13933	0.0
3837	0.000417614956967549
8819	0.0
13445	0.0
13608	0.0
4618	0.0
8985	0.0
2039	0.0
9395	0.0
10367	0.0
1929	0.0
817	0.00016791837466388856
1124	0.007075969091778343
4925	0.0
8830	0.000417614956967549
2384	0.0
3029	0.0
3166	5.3740182340438683e-08
7795	0.0005789509929179115
103	0.0007807904367874893
9744	0.0
9790	0.0
4589	0.0
3480	0.0
2607	5.0713932363553897e-05
455	0.0015238134438039744
1452	0.003485597604887461
2099	0.0006263418251778129
8193	0.0
3746	0.0012942169161427534
3036	1.0748036468087737e-07
511	0.0008350149532057363
3806	0.0
1286	0.0020854415159030637
9842	0.0
2241	0.004344359408842211
2432	0.0027076453470406625
1617	0.0
8249	0.0
6197	0.000982517616192151
456	0.0056386375790731524
1878	0.0015769421758255935
4018	0.00020883434857494476
2897	0.0
10392	5.3740182340438683e-08
9356	0.0
625	0.0005421289203548146
3128	0.0034958990430566657
663	0.0016225246733161168
8140	0.00020883434857494473
19	0.0
653	0.0008349074728410553
227	0.00020883434857494473
6861	1.0748036468087737e-07
2367	1.0748036468087737e-07
11099	0.0
3596	0.0
6486	0.0
8669	0.0
7070	0.002327967649928954
2620	0.00029917585854425906
5065	0.00020883434857494473
5426	0.0
2318	1.6122054702131604e-07
10520	0.0
12581	0.0
6402	0.0003216698072790399
343	0.003667100017792625
396	0.0004175612167852086
7321	0.0
2667	0.0
10341	0.0
1135	0.0
1893	0.0
6528	0.0
3692	0.0
12913	0.0
8184	0.0
8700	0.0004176149569675489
6300	5.4879538182463554e-05
7144	2.1840905772859956e-06
7053	0.0005106790812394251
1298	0.0004743437229561904
2440	0.0
3703	0.0
1422	0.00020883434857494473
6490	0.0
844	0.002413952534807256
11144	0.0
2418	0.0
6465	0.0
10548	0.0
1470	0.0
6500	1.0748036468087737e-07
3176	0.0006949300379272813
8260	0.001310798445525733
7410	5.3740182340438683e-08
132	0.0
2351	0.0
1391	0.0010627574785203534
1103	0.00022924155217266215
4895	7.676347960926315e-05
8900	0.0
930	0.005549454530142456
6497	0.0
9576	0.0
3348	5.3740182340438683e-08
5768	0.0
2457	0.0014545317752263135
3973	0.00020883434857494473
4760	0.0047971379347588085
7848	0.0
12205	0.0
160	0.0005034994412725346
153	0.001847095187516248
7889	0.00020883434857494473
5078	0.0
3508	0.00020286918833515604
7325	0.0008349074728410553
5589	0.00020883434857494473
6398	0.00028628781719710646
4573	0.0
7559	0.0009260594944776321
11283	0.0
8032	0.0011435682484782534
1030	0.0008590991293952153
1323	0.0005703021044955679
652	0.0016192674628959418
3135	0.0
382	0.004927650407984749
10163	5.3740182340438683e-08
4831	0.0
10540	0.0
6131	0.0
1735	0.0
39	0.0008349612130233959
1302	0.00015194574634478104
10269	0.0
2166	0.004447530189084604
9456	3.761812763830708e-07
9453	3.224410940426321e-07
3870	0.00020883434857494473
11377	0.0
7359	0.0006263418251778129
9440	0.0
6262	0.00020883434857494473
9257	5.3740182340438683e-08
4873	0.0
4744	0.005042758905430064
368	0.0006261806046307916
2753	0.003975943740290862
3349	0.0006262880849954724
8808	0.0
10383	1.0748036468087737e-07
8445	1.0748036468087737e-07
3586	0.0006172695758119098
2436	1.6122054702131604e-07
12471	0.0
145	1.021063464468335e-06
351	8.061027351065802e-07
4507	0.0004016940453442076
3327	0.0007199409007952272
745	0.003056797470423654
3124	0.0
9552	0.0
2030	0.0002088343485749447
2452	0.0
5987	0.0
5731	0.0008349612130233959
936	0.001909179022904121
4882	0.00020883434857494473
3264	0.0012741589600395332
7996	1.0748036468087737e-07
1887	1.0748036468087737e-07
4847	0.0
2375	0.0006263418251778129
5765	0.0
1771	0.0
191	0.005627324222404364
5725	0.0009952474184201131
521	0.00020883434857494473
5961	0.0
1995	0.00020883434857494473
9875	0.0010433118999572766
6690	1.0748036468087737e-07
3665	1.0748036468087737e-07
2992	0.0
3921	0.00272074217028749
3037	0.0005039886675222494
1601	0.0015895065905207632
7124	0.0
607	0.000417614956967549
12435	0.0
2	0.0
193	0.004458451932496622
1377	0.00020883434857494473
1232	0.0
2426	5.3740182340438683e-08
1833	0.0
783	5.3740182340438683e-08
23	0.0036284796137015136
123	0.0008530828179301909
9462	0.00020883434857494473
9302	0.0
2131	0.00013657654773800338
2221	0.004769939619393699
3633	0.002032066606356266
6085	0.0002088343485749447
5179	0.0004175612167852086
4670	0.0
7774	0.0
5469	0.0
3434	0.0
6310	0.0
5708	0.00020883434857494476
11485	0.00020883434857494473
7861	0.0
9615	0.0008346925121116936
11851	0.00020883434857494473
10813	0.0004175612167852086
3165	0.0
12878	0.0
1209	0.0022729533296313724
703	0.0026840254193989687
8254	0.0
2395	0.0007998052242043707
541	0.0012853003192512995
10995	0.0
1149	0.0
9103	0.00020883434857494473
4799	0.00020883434857494473
1437	0.0006262880849954724
331	0.0
4160	0.0
4649	5.374018234043868e-07
758	0.0
9519	0.0
12733	0.0
11960	0.0
3521	0.00020883434857494476
785	0.002467890653264653
5850	0.0
3811	0.0
8638	0.00011230206340387156
2948	0.0
4815	0.0013232983890870164
1228	0.0009348603328993236
1891	8.703619862515813e-05
526	0.0017971647007410617
127	0.002077371432637869
8756	1.0748036468087737e-07
1453	1.0748036468087737e-07
12538	0.0
7593	0.0008328619109725218
4607	0.0
3619	0.0
8266	0.0
10510	0.0
5245	0.00024950125837511916
10413	0.00033952331485594275
5114	0.0008583881874569826
1916	0.0
2683	0.0010436343410513192
993	0.0011623204273647587
2133	0.004467812897015827
5101	0.0
11481	5.3740182340438683e-08
7843	0.0
2010	0.00020883434857494473
5202	0.0024989184788303987
3334	0.002914598789233692
11141	5.3740182340438683e-08
11415	0.0
2463	0.00020883434857494473
282	0.0006262880849954724
1429	0.0
4427	0.0
496	0.0
1515	5.3740182340438683e-08
9502	0.0
11594	0.0
4000	0.00020883434857494473
12646	9.135830997874576e-07
7618	1.4509849231918445e-06
6079	0.0
270	5.374018234043868e-07
5739	0.00020883434857494476
5867	0.0004175612167852086
963	0.0006263418251778129
9530	0.0004175612167852086
4721	0.000417614956967549
12280	0.0129238594604557
6882	0.0004175612167852086
1031	0.0
67	0.003691622821711677
6821	0.0
539	0.005303709942155627
4550	0.0006261806046307916
1019	0.000417614956967549
4044	0.0
12910	0.0
9131	0.00032094868688056153
348	0.000791500188262478
3354	5.3740182340438683e-08
11067	0.0
2856	0.0022664001688908974
175	0.005324755390914138
4781	0.0
8585	0.0
7588	0.000627272718946237
163	0.002010530040351809
2679	1.0748036468087737e-07
6029	1.0748036468087737e-07
1011	0.0
833	0.00020883434857494473
5857	0.0
9521	1.0748036468087737e-07
846	0.0
4986	0.00020883434857494473
7012	0.0
7622	7.523625527661416e-07
392	3.224410940426321e-07
5035	0.0
7570	0.0
5764	6.0282782099372166e-05
7375	0.0004648338007491097
1827	0.0015126990481011877
7643	0.0007968386019050285
3492	7.555557925174977e-05
3869	0.006257406830805881
1426	0.00392091271414504
4319	0.0
1798	0.0
8143	0.0
3895	0.00020883434857494473
1679	0.0037500830825030283
11634	0.0
6240	0.0010555608012480825
411	0.011060096841330282
3700	0.0012516625868911574
7926	0.0004175612167852086
1343	0.00020883434857494473
4996	1.880906381915354e-06
268	0.00041645954304722957
8877	0.0002088343485749447
3578	0.00020883434857494473
6461	0.0
6047	5.3740182340438683e-08
5751	0.0
4557	0.00029408777575507184
967	0.0006261806046307916
8421	0.0004175612167852086
5119	0.0
486	0.0
7314	0.001303403403054905
6989	0.0011115672007648912
4295	5.3740182340438683e-08
6551	0.0
7127	0.0
6070	0.0
2091	2.1496072936175473e-07
5184	0.0004175612167852086
3088	0.0006261806046307916
10824	0.0015918578111900517
6683	0.006834783870421673
424	0.006637423050776412
6930	0.0
2902	0.000417614956967549
12098	0.0
1292	0.0
10493	0.0
8347	0.0008158260154680402
10384	0.0
1526	0.001043473120504298
12431	0.0
514	0.0
1883	0.0
49	0.0002088343485749447
11353	0.00020883434857494476
7423	0.0
12199	0.003316837987685244
5582	0.0
3768	0.00020883434857494476
7300	0.00017886886914796223
1630	0.00351412220918147
747	0.0
3428	0.0002088343485749447
3996	0.004379196014390448
794	0.004133790035129033
5157	5.3740182340438683e-08
161	0.0
6928	0.0019054233435167067
6800	0.0019703301634401353
2518	0.0
8656	3.761812763830708e-07
2594	6.448821880852642e-07
1056	0.000887825119298317
7763	0.0005688415721171944
556	0.00020883434857494473
9060	0.0
9405	0.0
8605	0.0
4141	0.0
1407	0.0006261806046307916
11701	0.0002088343485749447
12912	0.0
146	0.0036222895763309386
9054	0.00020883434857494476
5484	0.0020847428935326377
8096	0.0
4254	0.0
861	0.0
1017	0.002459472016558357
8164	8.061342852581231e-05
1223	0.0003592038111199356
2521	0.0
10319	1.018120549721121e-05
2105	0.0
9034	0.0
431	0.0013891788027705692
4693	0.0002378871664476045
12172	0.0
1762	0.0004179373980615916
5014	0.0001564470666497786
1462	0.0002474302929903349
12911	0.0
797	0.0021481939725478713
3246	0.0
498	1.0748036468087737e-07
2215	1.0748036468087737e-07
65	0.0
2727	0.0
7687	0.0
8440	0.00020883434857494473
3631	0.0
4149	0.0014601744943720594
9029	0.0
2801	0.0010737505738996984
5904	0.0008429896087907259
7328	0.0002088343485749447
13049	0.0
7394	0.00020883434857494473
1023	0.001745434685850197
313	0.0005740340204375234
148	4.574911299514141e-05
3171	0.0014203474420195713
697	0.0
11590	0.0
323	0.002125895940573849
4656	0.00012862999513087018
1205	0.0
478	0.0008349612130233959
7535	0.000814457827682631
4364	0.0004311360866870646
4315	0.0
1902	0.0018357755854299565
8857	0.0
4572	0.006965021111295423
1783	0.0
982	0.0023246651206597535
1643	0.0006313665322266439
12493	0.0
4659	5.374018234043868e-07
11725	0.0
180	0.0011818129758821936
4702	5.5060576291787306e-05
10273	0.0
4747	0.0001980969365297896
1039	0.00042433629316625997
385	0.0
3318	0.00020883434857494476
2632	0.0
4169	0.0
12719	0.0
2477	0.0004175612167852086
9088	0.0
801	0.0008878246246344456
3168	0.001602003173207753
3227	0.0021798222200334937
3241	0.001075495774997751
904	0.0011423306163465677
9467	0.0
3563	0.0006263418251778129
3547	0.0036475206617738692
8137	0.0
10476	0.0
4888	0.0004175612167852086
2380	0.0012519850279852
899	0.0014595833523663147
13990	0.0
7885	0.0
790	0.0026081367547697728
2005	0.00020883434857494473
13480	0.0004175612167852086
2717	0.0002088343485749447
10317	5.3740182340438683e-08
13235	0.0
2789	0.00041756121678520865
5542	0.00020883434857494476
2345	2.078248596712841e-05
9720	0.00016811833818761147
11430	0.00020883434857494473
2544	0.0
6657	0.0
5146	0.0
1315	0.0008378694525577196
5225	0.0005777107360157428
1876	0.00020883434857494473
6820	0.00020883434857494473
6707	0.0
3238	0.0
4754	0.0
3464	0.0013542505355746684
3281	0.0
1073	0.0018512681589696069
2405	0.0014916905397325947
2271	0.0
3554	0.00016540280863437196
3721	0.0
8486	0.00020883434857494473
11994	0.0
8452	0.0
1065	0.0010121879869409392
1235	0.0
2063	0.0
375	0.0
207	1.6122054702131604e-07
3106	0.0004894084970361457
2590	0.00212565787686182
5007	0.0004175612167852086
159	0.00020883434857494473
7178	0.0
3487	0.00020883434857494473
2885	0.0028665316053674682
9268	0.0
1121	0.00028865107838127734
346	0.0
474	0.0027080752684993862
359	0.000417614956967549
943	2.1496072936175473e-07
8331	3.224410940426321e-07
4662	8.568637989659959e-05
7316	0.0002616323160558007
9053	0.00020883434857494473
1192	0.0006262880849954724
12652	0.0
11437	0.0
2730	0.0
9300	0.0
6730	1.6122054702131604e-07
8292	2.1496072936175473e-07
2294	0.0010668374349621433
7181	0.0
8575	0.00020883434857494476
3239	0.0
2832	0.0
966	0.0
722	0.0
2061	0.00020883434857494473
12561	0.0
9627	9.40453190957677e-06
2755	0.0
83	0.0025407359049482514
10684	0.00047098036379391347
10857	0.00020883434857494473
8827	0.0
8262	0.0
157	0.004045633843729915
116	0.0
610	0.0
4740	0.0006262880849954724
1203	0.0
5903	0.0004175612167852086
12779	0.0
893	0.0
5929	0.0
2970	5.3740182340438683e-08
1707	0.003331380773374964
9686	0.0
3472	0.0
4629	0.0
752	0.002501874188859123
4399	0.0027581384214576694
1325	0.0
8952	0.0006262880849954724
12966	0.0
2268	0.0015633770062016465
5882	0.0
2272	5.3740182340438683e-08
1736	0.0
3047	0.0014924236489654422
55	0.00020883434857494473
1646	0.0004175612167852086
7084	0.0
13300	0.0
1008	0.0010147920152316005
9770	0.0
2025	0.0002600097058075231
6388	5.3740182340438683e-08
11049	0.0
5644	0.00020883434857494473
887	0.0
1018	0.0002318772241437951
1427	0.0006368531180743139
7750	0.0004668378999734803
12753	0.005028005859925417
2649	0.00020883434857494473
9685	0.0
10765	0.0
665	0.0009496017630638757
3515	0.002596513486056081
5842	0.0
11086	0.0
2077	0.0
4737	0.0
6091	1.0748036468087737e-07
623	0.0003173378252910575
4465	0.0006585883513648773
1730	0.0
9708	0.00020883434857494473
6361	0.0
2227	0.0018774670102455657
6304	0.002292878619737157
4833	0.001043096939227915
5538	0.00020883434857494473
8407	0.0
995	0.0004796980265076353
5466	0.0
1565	0.00046893788273706606
947	0.00022552154229049667
5080	0.0
10440	0.0
10211	0.00020883434857494473
6782	0.00020883434857494473
1927	0.001813561808203177
990	0.0014308251427241527
12560	0.0
8559	0.0
616	0.0013873907509682768
11293	0.0
3720	1.6122054702131604e-07
4990	0.0
4503	5.3740182340438683e-08
954	0.0
6950	0.0
4471	5.3740182340438683e-08
2784	0.0
33	0.0
819	0.0002988129027072219
6899	0.0
992	0.002761592903940433
5418	0.0005504232160723473
17	0.0032452449245025244
2708	0.0014595833523663147
3752	0.0016676653383884933
6760	0.0
3723	0.0005501542068517102
8054	0.0
1051	0.0
3855	0.0
2807	1.6122054702131604e-07
4211	0.0
6155	0.00020883434857494473
9787	0.0006262880849954724
10641	0.0
5595	0.00020883434857494473
4726	0.001988968345298665
177	0.010235142232716973
454	0.00012761353805661359
349	0.0003784335469436759
4385	0.0
7998	0.0004175612167852086
305	0.00020883434857494473
7071	0.0
1156	0.00020883434857494473
7876	0.0
3025	3.224410940426321e-07
10031	0.0
11662	0.0
9507	1.0748036468087737e-07
13424	0.0
2400	0.0004383157379662821
12244	0.0
2274	0.0012337318158299308
7616	0.0
5821	0.0002088343485749447
11235	0.0
889	0.0
5654	0.0006263418251778129
9834	0.0
8395	5.3740182340438683e-08
5489	0.0
2175	0.0
8982	0.0
4535	0.00020883434857494473
3820	0.0008349074728410553
12000	0.0
5671	0.0001461731764506599
7259	0.0
12539	0.0
1473	0.00048475951588807046
3912	0.00037808721740935255
28	5.3740182340438683e-08
949	0.0
7576	0.0008747510489549793
11312	0.0
1831	0.00020883434857494473
2328	0.0
4802	0.0006231442843285567
7917	0.0
104	0.0003648106331487986
2573	1.6122054702131604e-07
8166	0.0
1636	0.0
1430	0.0
5181	0.0
1709	0.000417614956967549
3056	0.0022922337375490716
5203	1.0748036468087737e-07
512	1.0748036468087737e-07
13743	0.0
439	0.0
6817	1.6122054702131604e-07
4570	0.0
2881	0.0
1280	0.0
1924	5.3740182340438683e-08
3929	0.0
5262	0.0004759133161060747
2455	0.00041665640426350755
1753	0.000579519360464933
1782	0.0
1557	0.0
9363	0.0
11352	0.0
9101	0.001043096939227915
1773	0.0
7304	0.0002088343485749447
5013	0.0
1080	0.0010435268606866384
737	0.00020883434857494473
2062	0.0008350149532057363
2462	0.0
13318	0.0
8687	0.0014599057934603574
6455	0.0016676653383884933
12970	0.0
5354	0.0
2276	0.0
5626	0.00020883434857494473
10669	0.0
234	6.448821880852642e-07
3494	0.0
888	0.000635744616228105
225	0.0011447064831827814
7302	0.0
1623	0.0
2192	5.3740182340438683e-08
3799	0.00017040232037898072
6178	0.0
10786	0.0
10451	0.00010365245071729647
1091	0.011939209978533498
5221	0.0
10321	0.00018517464673277167
1182	0.0
3118	0.0
2322	0.00020883434857494473
40	0.0022256501246669404
5094	0.00011683572921033964
6524	0.0004175612167852086
1718	0.0
4981	0.0
5028	0.0
1740	0.0
13554	0.0
744	0.00020883434857494473
4335	0.004052650167100498
2587	0.0
6035	0.0
8753	0.0
1068	0.0
11798	0.0
3987	0.0
900	0.0
2608	0.00043165175686628706
3188	0.0
3180	0.000417614956967549
10697	0.00020883434857494476
2981	0.0
6339	0.0
854	5.3740182340438683e-08
10618	0.0
5942	0.001972230951505621
10758	0.0
12005	5.3740182340438683e-08
2366	0.0
11786	0.00020883434857494473
4947	0.0
11809	0.0
6183	0.0
11698	0.0
2580	0.0
1037	0.0
987	0.0018769833486045019
813	0.0009555995302600296
2410	0.0012889536346003428
5001	0.0
10895	0.0
721	1.0748036468087737e-07
5199	0.0
9699	0.0
8518	0.0
506	0.0
2509	0.0
7878	1.6122054702131604e-07
1237	0.0011822904887881702
3194	0.00019750423838163367
4724	0.00021097385031799864
594	0.0012520925083498809
2595	0.0018960915431131418
2248	0.000417614956967549
2394	0.0006261806046307916
3940	0.002680610425652991
2143	0.00523714062915571
1734	0.0
9295	0.0
10060	0.0
2443	2.687009117021934e-07
5375	0.0008299452208181958
3629	0.0
2106	0.00020883434857494473
5661	0.0012518238074381786
6462	0.0
1541	0.0008350149532057363
1307	0.0
8941	0.0
9573	2.1496072936175473e-07
1688	4.836616410639481e-07
12428	0.0
21	0.0
6077	3.761812763830708e-07
12029	0.0
8640	0.0
3000	0.004303527634396987
883	0.009797479546692453
8859	0.0
1464	0.0
1812	0.0
1966	0.0021684900892234562
3923	0.0006262880849954724
378	0.00020883434857494473
7628	0.0
9977	0.0
5593	0.00020883434857494473
818	0.0
4801	4.836616410639481e-07
1475	0.0
6758	0.000417614956967549
10468	0.00011449431143042377
3193	0.0002365103322766786
6774	0.0
8354	0.0
544	9.135830997874576e-07
2539	0.0
8118	0.0
11542	0.0
9451	0.002040256979235328
12184	0.00269967132632791
8630	0.0
1309	0.0
10981	1.6122054702131604e-07
4487	0.00020883434857494473
1015	0.0
9475	0.0
4515	0.0
178	0.0020848343287813483
1092	0.0007978704482539042
7215	0.0
402	0.0006757254571390133
10460	0.0
4606	0.0
2356	0.0
6000	0.0
4688	0.0
1085	1.6122054702131604e-07
2726	0.001385315382703357
8801	0.0
2800	0.006680711906465542
1179	0.0
2072	0.0002088343485749447
8278	0.0
7121	0.0
12161	0.0
10848	0.0
720	0.0005917870535460107
7171	0.0
10343	0.0
9327	0.0
4569	0.0
3279	0.0017206632532023797
2542	0.001961657808090468
13281	0.0
2757	0.001681676841089876
6282	0.0
4905	0.0006261806046307916
435	0.008885541723547382
10412	0.0004175612167852086
6279	0.00020883434857494473
377	0.000417614956967549
208	0.0
886	5.3740182340438683e-08
8995	5.3740182340438683e-08
2230	0.0
12034	0.0
1638	0.0
3787	0.0008346925121116936
10145	0.0006261806046307916
13628	0.0
3729	0.00020883434857494476
6702	3.761812763830708e-07
3094	0.0
113	2.1496072936175473e-07
5921	0.0
1949	0.0
5067	0.0
11772	0.0
8853	0.0
3253	0.0006263418251778129
5171	0.0
5583	0.0031232719172616156
6503	0.003214947094721815
3486	1.6122054702131604e-07
4881	0.0
1760	0.0
5258	0.0
7590	0.0
5748	0.00020883434857494473
8990	4.655557197208544e-05
8610	0.0
8757	0.0
9661	0.0
6553	0.0
1931	0.0012519850279852
5074	0.00020883434857494473
2497	0.0008348537326587149
2498	0.0
11828	0.0
9388	0.0
964	0.0
7209	0.0
9587	1.0748036468087737e-07
4017	1.0748036468087737e-07
6748	0.00016308846032903998
10140	0.0
6393	0.0
7228	0.0
7065	0.0
3091	0.000417614956967549
3613	0.0
6170	0.0
6172	0.0
7306	0.0
3107	0.0
92	0.004009920144033183
8027	0.0
1264	3.224410940426321e-07
11183	0.0
9176	0.00020883434857494473
12472	0.0
5059	0.0
9345	0.0
3312	0.0023749935535870535
10905	0.0
1941	0.0
1885	0.00020883434857494476
12855	0.0
7796	0.0
8532	0.0
11735	0.0
10645	0.0
5312	0.0008349074728410553
5697	0.00020883434857494473
8596	0.00020883434857494476
3372	2.1496072936175473e-07
1305	1.6122054702131604e-07
5877	0.0
6372	0.0006961815362632194
3764	0.0
4192	0.0
5949	0.0002088343485749447
4684	0.0
7693	0.0
5761	0.00020883434857494473
6745	0.0
235	0.0
7898	0.0
7522	0.0010343426911899466
6281	0.0024297861809097487
2387	0.0006025218972727883
11971	0.0
476	0.0
7034	0.0
3827	0.0
5844	0.0004175612167852086
1271	0.0018004809682134401
5823	0.0
4263	0.0
639	5.3740182340438683e-08
3351	0.0
7421	0.0
6011	0.0
7646	0.00020883434857494473
389	0.0
1078	0.0
11233	5.3740182340438683e-08
6264	0.0
1265	0.0002991489974605068
10159	0.0
3664	0.0
13023	0.0
9968	0.0
4775	0.0
134	0.0006262880849954724
7111	0.0020901862948452454
6094	0.0
6893	0.00020883434857494473
11515	0.0
615	0.0007148488505020422
2733	0.0001482448251430019
9612	0.0
4348	0.0
5668	0.0006262880849954724
1146	0.00020883434857494473
6998	0.0
7901	0.0
10305	0.0
9437	5.3740182340438683e-08
11993	0.0
10942	9.40453190957677e-06
5699	0.0
11529	0.0
11734	0.0
8090	0.0007771961465395902
6169	0.0
54	1.6122054702131604e-07
11009	0.0
3219	0.00010439030419630214
12390	0.00020883434857494473
10100	0.0
2149	2.0958671112771085e-06
9639	0.0012513938859794551
7170	0.0
618	0.0
1440	0.0016605318229866708
872	0.0
3267	0.0
1523	0.002399525008719818
2231	0.004578689073304202
7508	0.00024049869801391204
8455	0.004778988096997506
10246	0.0004175612167852086
8667	0.0
2500	0.00020883434857494473
985	0.0
1761	0.0
11192	5.3740182340438683e-08
2523	0.0004175612167852086
8359	0.0
5248	0.0007568947172267252
1727	0.0
1549	0.0005434039386422408
2098	0.0021832114980239446
5117	0.0020852802953560427
903	3.761812763830708e-07
2601	0.0
3757	0.0
4239	0.0
702	5.3740182340438683e-08
9404	0.0
1152	3.224410940426321e-07
8465	0.0013472300777416842
11835	0.0
1980	0.00020883434857494468
3753	0.0
98	0.0019050273791232455
13877	0.0
11668	0.0
5145	0.0
6536	0.0
4685	0.0
7469	5.3740182340438683e-08
4862	8.520252099301493e-05
1819	0.0
10960	0.0
5050	0.0
1779	0.0015665279719639048
12638	0.0
4678	0.0
973	0.00020883434857494473
678	0.0
4447	0.0
10518	0.0
8179	0.0004894108448329253
1749	0.001043580600868979
10438	0.0
8781	0.0014017386226886682
6739	0.0
3451	0.0004175612167852086
791	0.0008348537326587149
12325	0.0
8341	0.0
1726	0.0009562023435492387
8261	0.0
4009	0.0
9230	0.0
1965	0.0004659347215672273
373	0.0
3177	0.0
11386	0.0
7557	0.0
9431	0.0
3902	0.0
1836	0.0008346925121116936
2828	1.6122054702131604e-07
7114	0.0
7523	0.00020883434857494473
4050	0.0
646	0.0006263418251778129
3680	0.0
3971	0.0
5951	0.00020883434857494473
5874	0.0
2282	0.0
12726	0.0
6700	0.002001163155437757
554	0.0034840002250324776
8670	0.0034686806406181996
8406	0.0
1752	0.0
6658	0.0003472565986931785
672	0.0003014832159609026
9933	0.00020883434857494473
8843	0.0004175612167852086
6193	0.0022162454197451045
626	0.00020883434857494473
3370	0.00020883434857494468
2334	0.0004175612167852085
10497	0.0
13576	0.00020883434857494476
4508	5.160623347365412e-05
9952	0.0002088343485749447
6430	0.0
6415	0.0
5925	0.0
9157	0.0
12039	9.40453190957677e-06
6407	0.0
1772	0.00020883434857494468
1928	0.0014595833523663147
880	0.0021477760890812494
5502	0.0
1635	0.0
4287	0.00020883434857494473
10205	0.0
2766	0.0
13007	0.0
4081	0.0
141	0.00020883434857494473
231	0.0009402294788926135
8671	0.0
552	8.061027351065802e-07
5240	0.0
4001	0.0006261806046307916
7450	0.0008346925121116936
9562	0.0
2519	0.00028271984128002445
7933	0.0
7496	0.00020883434857494473
4391	0.0003253265248864636
1148	0.0
5182	0.003647871634343047
3875	0.0
8323	0.0
726	5.3740182340438683e-08
4739	0.0
9829	0.0006262880849954724
12190	0.0
20	0.0016347166181117146
30	0.00020883434857494473
10134	0.0
825	0.000417614956967549
14010	1.018120549721121e-05
445	0.00034556416170363564
6014	0.0
13886	0.0
3527	0.0
317	0.0
12958	0.0
11265	0.0
5122	0.0
5088	0.0
7767	0.0
10713	0.0
7486	0.0
4298	0.0
1912	0.00020883434857494473
12142	0.0
3625	0.00020883434857494473
3470	0.004777179768970957
2439	0.0
3404	0.00022823501318690618
1652	0.0016519048698282106
13000	0.0
8525	0.0
4145	0.00027853168300315045
1476	0.004538918640125474
1172	0.0
1415	0.0006263418251778129
12423	0.0
1999	0.0014703339397910745
1326	0.0012519850279852
182	0.0
1358	0.0
10820	0.0
3918	3.761812763830708e-07
3590	0.002292287477731412
77	0.0
2064	0.0
969	2.687009117021934e-07
9660	0.0
4294	0.0
12968	0.0
2823	5.3740182340438683e-08
3121	0.0024272666243744115
6445	0.0
9474	0.0
2990	1.6122054702131604e-07
13272	0.0
2019	0.0
8590	0.0
6849	0.002489464832644107
11199	0.0
6512	0.0
6046	0.0002487628677019828
5573	0.0016061223615273985
11608	0.00020883434857494476
12874	0.0
3058	0.00019896793786652897
2100	0.0010317795435963067
8616	0.0
564	0.0
9740	0.0
3800	5.3740182340438683e-08
572	0.002104234601085197
7083	5.3740182340438683e-08
585	0.0
8221	0.00020883434857494473
7105	0.0
4767	0.0010169967508852089
7332	5.3740182340438683e-08
9342	0.0
1393	0.0002088343485749447
12195	0.0
5233	5.374018234043868e-07
4476	0.0
3990	0.0
449	0.0016680415196648763
9098	0.004991549356326966
655	0.0006263418251778129
986	0.0
5126	0.002291266414266944
5457	0.0002688086427207934
1537	0.0007721376436971641
518	0.000417614956967549
10812	0.0
2233	0.000376623860898252
10791	0.0
7969	0.000417614956967549
6866	0.0
4342	0.0
11889	0.0
6862	0.0002088343485749447
5211	0.0
12440	0.0
13557	0.0
10337	0.0
2321	2.687009117021934e-07
12165	0.0
6020	0.0004175612167852086
11893	0.00020883434857494473
3859	0.0
9005	0.0
11572	0.00011986022564976186
2287	0.0
1961	0.0
9017	5.3740182340438683e-08
280	0.0009650674606682248
6447	0.0
4098	0.0
4842	0.0
2045	0.0002088343485749447
11912	0.0
2676	0.0
10485	5.738257247684623e-06
2043	0.0002088343485749447
4755	0.0
1119	0.0
5228	0.0
4108	0.000250780496334778
621	0.005271803917194538
7234	0.0
960	0.005939495103562253
3577	0.0
10148	0.0
4722	0.0
152	5.328655305558106e-05
480	5.646335922711599e-05
279	0.0
13047	0.0
970	5.3740182340438683e-08
2065	0.0
7837	0.001112907874058728
13772	0.0
12059	0.0
7834	0.0
524	0.000417614956967549
926	0.0
2034	0.0
12112	0.0
3935	0.0
6874	0.0
4190	0.0
12860	0.0
12877	0.0
6177	1.6122054702131604e-07
3460	0.0015939625084128099
4777	0.0008349074728410554
3607	0.002879816453447202
503	0.0
8803	0.00020883434857494473
1371	0.0
1824	0.0
3235	0.00020883434857494476
12352	0.0
12924	0.0
10377	0.0
13333	0.0
2898	0.0007523277757714911
4854	0.0
10878	0.0
5191	0.0004175612167852086
4286	0.0006261806046307916
7464	0.0
6216	0.0
1788	0.000417614956967549
8248	2.687009117021934e-07
3694	0.0
5640	0.0
1998	0.0
9539	0.0
13052	0.0
2258	0.0002088343485749447
7881	0.0
11106	0.0003532236145760936
3441	0.0
1944	0.00020883434857494476
8544	0.0024550576248617414
12929	0.0
4152	0.0
137	0.0
10381	1.6122054702131604e-07
2780	0.0
10055	0.0
1851	0.0
9591	0.0
3313	0.0
12382	0.0
8356	0.00041759083287923516
3019	0.0
1546	0.0
6716	0.0004015611092154941
7973	0.0
8607	0.0
6623	1.0748036468087737e-07
7368	0.0
7017	0.0
9982	0.0
763	5.374018234043868e-07
5649	0.0
6149	0.0
638	0.00020883434857494473
2044	0.0
12677	0.0
4803	0.0002150413396352654
9816	0.0
6654	0.0
1790	0.00020883434857494476
13146	0.0
6477	0.0006262880849954726
5142	0.0008346925121116938
1210	0.0
7735	0.0
7405	0.0
13527	0.001043096939227915
6907	0.0012513938859794551
2278	0.0
1145	0.0
6664	0.00020883434857494473
3559	0.00044758860357166775
6957	2.687009117021934e-07
9899	0.0
1717	0.0
11390	0.0
3022	0.0002088343485749447
3374	0.0006261806046307916
2712	0.0002088343485749447
7793	0.0
8182	2.1496072936175473e-07
829	0.0
1640	0.0
5662	0.0
890	0.0
6427	0.0013545399753081813
3076	0.0008107532824302827
216	0.00023657642919441173
6942	0.00020883434857494473
7284	0.0
4979	0.0005002575636300189
5483	0.0007885891449866591
3455	0.000417614956967549
10639	0.0004894773243284024
2466	0.0
4745	5.3740182340438683e-08
11467	0.0
6205	0.0
4934	0.00020883434857494476
11829	0.0
6283	0.0
1722	0.000973390913569085
3514	0.0
609	0.0006262880849954724
2700	0.0004175612167852086
2261	0.00020883434857494476
4392	0.0010816059339324147
531	0.002968165558675414
185	0.00012596942667514213
9649	0.0
4492	3.761812763830708e-07
1607	0.0011621527937327786
4645	0.0
8404	0.0
12518	0.0
3319	0.0006262880849954724
2900	0.00020883434857494473
7106	0.0
387	5.3740182340438683e-08
11082	0.0
1141	0.0005508470577373126
13243	0.0
5140	0.0
1162	0.0
1877	0.00020883434857494473
13794	0.0
7197	0.0019052627779475326
2076	0.0004587373945084683
1504	0.00568363423170969
3832	0.0004175612167852086
147	0.0022934697617429016
12111	0.0002677226967321003
388	0.002762648179890053
1096	0.0010433118999572766
12228	0.0
8718	0.0
12547	0.0
5349	0.0
2269	0.0004175612167852086
8313	0.0
3108	0.0
7427	0.0
10056	0.0
12922	0.0
5460	0.0
4388	0.0005912661127162003
13596	0.0008346925121116936
7682	0.0
4090	0.0
8765	0.0
2551	0.0
2024	0.00022973917192404744
6124	6.986223704257029e-07
8735	0.0
4599	0.0
11507	0.0
6087	0.0
13953	0.0
201	0.00023538627180275218
9995	0.00034975101950134203
3383	0.0
5037	0.0
1081	0.000834853732658715
4346	0.00020883434857494473
6712	0.0
1439	0.006715564714187898
2206	0.0
5174	0.0
3493	0.0
7095	0.0
2686	0.0009409868299202422
6226	0.0
3803	3.927047588951983e-05
2000	0.00011919707774795305
3587	0.0
1137	0.000417614956967549
1385	0.0
10323	0.0
5660	0.0
3542	0.000417614956967549
864	0.0
5204	0.0
6763	0.0002088343485749447
1997	0.0
8314	0.0
1624	5.3740182340438683e-08
3322	0.0
12832	0.0
4980	1.477855014362064e-07
10988	0.001977521055176661
700	0.0002856279263381532
6631	0.0
7518	0.0
3977	0.00020883434857494473
11924	9.224971459058328e-06
12418	0.0
6870	3.761812763830708e-07
10940	6.448821880852642e-07
1312	0.0006262880849954724
8860	0.0
13198	0.0
4178	0.0
6484	0.0
10718	0.0
4945	0.0002870407626544325
3127	0.00089630516364232
11768	0.0
12030	0.00020883434857494476
5917	0.0009693088370245749
440	0.009183665737934643
5015	0.0017981221390200458
10156	0.0
5284	0.0
5790	0.0
10962	0.0
3050	5.3740182340438683e-08
2866	0.0
64	0.000417614956967549
9153	0.0
1592	0.0024306568608831753
8868	0.0
4819	0.0049041407274479035
154	0.00045452671770118615
3070	0.0
1459	0.0
5659	0.0
7864	0.0
9145	0.0
7874	1.6122054702131604e-07
1140	4.836616410639481e-07
13268	0.0
870	0.0
1597	0.0
4704	0.0
2364	0.0007306621740982383
7970	0.0
2701	0.0
3899	5.738257247684623e-06
2373	0.001043473120504298
9218	0.0
10923	0.0
803	0.0
2007	0.0
6923	0.0013305341886762686
8496	0.0004009474577298089
9528	0.0
2340	0.0
1568	0.0017566979474956967
12484	0.00020883434857494473
9621	0.0
11618	0.0
3621	0.00021311117141953795
2862	0.0
5432	0.0
6123	0.0
4529	0.0005588042978525143
3751	0.0
2447	0.0
4973	0.00020883434857494473
11057	0.0002776781486991593
2035	0.0004847265318809895
5806	0.0006262880849954724
1062	0.0
1519	0.0
2454	5.642719145746062e-06
7285	0.0
9094	0.0
8614	0.00020883434857494473
10120	0.0010434193803219574
206	0.00020883434857494473
1163	0.0004175612167852086
12231	0.0
8661	0.0
5367	0.00020883434857494473
6677	0.0010434193803219574
4398	0.0
3271	0.0
7100	0.001875639844045991
4988	0.003476946294609307
1126	0.0008346925121116935
7180	0.0
1346	2.687009117021934e-07
12122	0.0
11228	0.0
4769	0.00020883434857494476
3688	0.0007243640574509618
2728	0.0010100958686371435
5985	0.0
9700	8.061027351065802e-07
5898	0.000417614956967549
1071	0.0
4528	0.0004175612167852086
1974	0.003711542036871083
4439	0.0012518238074381786
2320	0.0001330686044690879
5726	0.0
6777	0.00020883434857494473
11833	0.0
9277	0.00010133423229688007
4749	0.002379245018396174
4600	0.001719854485136115
4746	0.00020883434857494473
553	0.0
4089	0.0
2546	0.0
8106	5.3740182340438683e-08
8578	0.0
666	0.00025858637215130667
3363	0.0009574416858241856
13816	0.0
2433	0.0
9714	0.0
7947	0.0
466	1.6122054702131604e-07
6321	0.0
2716	0.0016683102205765786
3359	0.0010434193803219574
2613	0.0
9524	0.0045361378333291106
897	0.0
2996	1.0748036468087737e-07
4137	0.0
8135	5.3740182340438683e-08
7174	0.0
11266	0.000417614956967549
12023	0.0
1033	0.0
3920	0.00012617084749097428
8004	0.00020883434857494473
10622	0.0
6266	0.0
1987	0.0014805976504199169
5513	0.00020883434857494473
7802	0.0
11563	0.0
1738	0.001043096939227915
855	0.0
1335	0.0
1731	7.523625527661416e-07
1509	0.0
2202	0.00020883434857494473
9196	0.0
5482	0.0
4810	0.0030229825767607277
6312	1.0748036468087737e-07
1178	0.0006263418251778129
6317	0.0
2489	0.0
5337	0.00024328765638168538
11834	0.00020883434857494476
9280	0.0
5086	0.00020883434857494473
353	0.008110095235049249
7963	0.0
69	0.0
7739	0.00020883434857494473
3539	0.0
3538	0.0
11757	0.0
10930	0.0
6544	0.0
6733	0.0018508698500900118
8226	0.0
2869	0.0
6958	0.00020883434857494473
4367	0.0
4822	0.0
5	0.001043096939227915
10040	5.4069940764312955e-05
11325	0.0
12057	0.0
5767	0.0
1951	5.3740182340438683e-08
5449	0.0
2988	0.0
2283	0.0011171272712313112
9411	0.0
10868	0.0
7116	0.0
4858	3.224410940426321e-07
2526	0.0007404997642831544
1218	0.0007595982419074563
1143	0.0005733319632485051
3105	0.0
4139	0.0
2115	0.0007325039826613945
13010	0.0
4435	0.0
3211	0.0
11273	0.0
12814	0.0
2641	0.0
5207	3.58619522396971e-05
4056	0.000417614956967549
3600	0.0
589	0.00020883434857494473
7388	0.0
1021	0.0009425562679630922
4052	0.0
12661	0.0
6505	0.0
3817	0.0070688493896364545
2548	0.0
10153	0.0
5621	0.0003842729133985094
3928	0.00041756121678520854
1874	0.0004281247058036298
7661	0.0
3373	0.0
4418	0.0005338247809851616
1559	0.0
3345	0.0
7911	0.0
5455	0.0
4809	0.0
4113	0.0
6741	0.0
1403	0.0
3713	0.0
7184	5.3740182340438683e-08
1990	0.0
5755	0.00020883434857494473
1275	0.0008112061656704262
4060	0.0
7762	0.0
6550	0.0
10925	0.0
1992	0.0
5490	0.0
5214	0.00020883434857494473
6979	0.0
4142	0.0
5909	5.3740182340438683e-08
5087	0.0
11679	0.0
4247	0.00020883434857494473
11712	0.0
7398	0.0002152488915140417
4084	0.0
10676	0.0
7390	9.224971459058328e-06
369	0.0001535913407594731
10267	0.0
8312	0.0
7653	0.0
712	5.3740182340438683e-08
8964	0.0
10774	0.000417614956967549
9471	0.0006261806046307916
4117	0.002706463063029173
7120	0.0
8399	0.004295631142802418
1554	0.0
11364	0.0
2135	5.3740182340438683e-08
7665	0.0003080520324197075
6920	0.0
7789	0.0
13518	0.0
4534	0.0
688	0.0
10598	0.0
9906	0.0
2427	0.0
2812	0.0016690088429470041
3705	0.0
12984	5.3740182340438683e-08
2578	0.00020883434857494468
1892	0.0
7401	0.0
6795	0.0022863852305061204
6662	0.00020883434857494473
1133	0.0
3064	0.00017931509994829418
5701	0.0006263418251778129
9864	0.0
8960	0.0
10865	0.0
2506	0.0
276	0.0
3122	0.0
2840	0.0
2586	0.00020883434857494473
11196	0.0004175612167852086
8782	0.0
6991	5.3740182340438683e-08
11617	0.00020883434857494476
1903	0.0
6001	0.0035394358893059727
4186	0.0037425737785528306
918	0.0002088343485749447
2748	0.0004175612167852086
10452	0.0
3925	0.0
4628	0.0
6932	0.0
8368	0.0
1049	0.0003025802591500987
9636	0.0
3668	0.0
10964	0.0
6342	0.0029940473998423854
827	0.00020883434857494473
3966	0.0
4473	0.00020883434857494473
8817	0.0
7909	0.0
5452	5.3740182340438683e-08
2224	4.836616410639481e-07
1938	0.0
4457	0.0
7036	0.0
12563	0.0
528	0.000417614956967549
4305	0.0
6822	0.0
8744	5.3740182340438683e-08
3403	0.0
8147	4.081817423019217e-05
7377	0.0
9119	0.0
7355	0.00017426750368695182
8327	0.0
61	0.0
7282	0.0
9707	0.0
5340	0.0
422	0.0003945512242071415
4401	0.00020883434857494473
11787	0.0
7098	0.0004977673592428172
7117	0.00037734760592946447
6624	9.87948428182045e-05
8500	8.988079684966707e-05
5605	0.00013108715528945228
6270	0.0
675	0.0013233580828098759
3697	0.0010435806008689788
1661	0.0
6581	0.0008527127884316114
7334	3.8971113533574737e-05
1522	0.00045251477209562067
6987	0.0
1513	0.0
611	0.0017845135125210147
13793	0.0
2763	0.00020883434857494476
8102	0.0
10799	0.0
7190	0.0
4864	0.0009704304748482105
9265	0.0
3226	1.6122054702131604e-07
6689	0.0
4616	1.6122054702131604e-07
108	0.0003605349630088596
2151	0.0
9605	0.0
11676	0.00020883434857494473
6946	0.0
814	0.0
4751	0.000406650791335942
2225	0.0016646318621637182
10541	0.0014595833523663147
681	0.0
10965	0.0
2212	0.0
7708	0.0
8863	0.0
6023	0.0
1923	0.0
2959	0.0
6098	0.0
8232	0.0
7451	0.0
13164	0.0
9338	0.00020883434857494476
8909	0.0
11651	0.0004175612167852086
11644	0.0
9653	0.0021717932301736757
792	0.0
8547	0.0
7342	1.6122054702131604e-07
5529	0.0
7538	0.0
10626	0.0
6467	0.0
3791	0.00019444783302533162
7564	0.0
2877	0.00020883434857494473
4301	0.004508050764272358
12775	0.0
13442	0.0
5880	0.0
3622	0.0
1599	0.0
830	0.0
10057	0.0
11158	0.0
12975	0.0
12608	0.0
10782	0.0
5722	0.0
9020	0.0016139072903012838
3898	0.00020883434857494473
9584	0.0
5700	0.00020883434857494473
6744	6.285140046603499e-05
1501	0.002145387706685658
7318	0.0
5878	5.3740182340438683e-08
7477	0.0
3993	0.007255537893605596
6228	0.0
168	0.0005752697228152454
4524	0.0007539284963858789
5912	0.00028086583161553077
8464	0.0
7630	1.5047251055322832e-06
10087	0.00020883434857494473
14053	0.0
1413	0.0
11560	0.0
3922	0.0012770132171412807
13921	0.0
219	0.0009128574234577147
167	0.0
1972	0.0
5868	0.0
3099	0.0
3268	0.0014274893905400138
4043	3.393111881062719e-05
5618	0.0
10393	0.0
291	0.0
1104	0.0
7261	0.0
9853	0.0006262880849954724
6996	0.0
5058	0.0
5865	0.0
1057	0.0
4972	0.0
4946	0.00020883434857494473
5812	0.0
2209	0.0010433118999572766
256	0.001668363960758919
8253	0.001078808369774867
467	0.0
4243	0.0011861974321499857
11945	0.00014648257812315712
10382	0.0
811	0.0017961933646963326
2997	0.0024500025131859726
2576	0.0
1176	0.00042732207363931437
4379	0.0
7725	0.0
6954	0.001875639844045991
12863	0.0
5627	0.0
2026	0.0
1320	0.0
13892	0.0
2537	0.0006262880849954724
1338	0.0
6527	0.0
2985	0.0
5322	0.00020883434857494473
7668	0.0
2081	0.0
4689	5.3740182340438683e-08
7805	0.0
2001	0.0
10427	0.0
5415	0.0
647	0.0
248	5.3740182340438683e-08
10351	0.0
13123	0.0
1616	0.0
2338	0.0
6297	0.0
5694	0.00020883434857494473
10144	0.0
7163	0.0003661300802385147
3614	0.0
9750	0.0
6200	0.0
5446	0.0
4127	0.0
3666	0.0
7968	0.0
3491	2.1496072936175473e-07
7902	0.0
1445	0.0008322423438842723
749	0.00020883434857494473
3910	0.0
8000	0.0008348537326587149
12160	0.0
6186	0.00020883434857494473
3847	0.0
6115	0.0
10976	0.0012702310546880598
6016	0.0
6394	2.687009117021934e-07
5858	0.0
7868	0.0
4269	0.0
933	0.00238225176877775
5664	0.0027094725132402377
1781	0.002274605410410009
5969	0.0015512739575494685
4453	0.00020883434857494473
8829	0.0
10445	0.0
7782	0.001968627696432689
3809	0.0
6377	0.0
4935	0.0
596	0.0
772	0.00020883434857494473
6006	0.0
10307	0.0
11107	0.0
8944	0.0
6943	0.0
1397	0.0004610825128665527
11612	0.0
6962	0.00020883434857494473
4898	0.0018959381461900026
1171	0.0
2053	0.0036407644198401326
9253	0.0
7086	0.0
5597	1.0748036468087737e-07
5577	0.0
4692	0.0
1047	0.0
11242	0.00020883434857494473
5851	0.0
2242	0.0
13253	0.00014906526223181968
10982	0.0016676653383884933
8241	0.0
7528	0.0
3450	0.0
4548	0.0
1110	0.0
1489	0.0004175612167852086
6743	0.0
579	0.0006263418251778129
9417	0.0
14030	0.0
4302	0.0
6431	0.000417614956967549
9617	0.00020883434857494473
2270	0.0006262880849954724
9028	0.0
13548	5.3740182340438683e-08
4779	0.0010433118999572766
5945	0.0
9357	5.3740182340438683e-08
9448	0.0
5477	0.0
5237	0.0
12872	0.0
3762	1.6122054702131604e-07
10985	0.0
5177	0.0
7206	6.986223704257029e-07
9851	0.0
11677	0.0
6881	0.0
11613	0.0
10569	5.3740182340438683e-08
5347	0.0003901291427649363
3338	0.0
2246	0.0
2157	0.0
3355	1.6122054702131604e-07
4114	0.0005138227413508512
7521	0.0
7740	0.0
6236	0.0
12125	0.0
5423	0.0
7266	0.0
1898	4.836616410639481e-07
12201	0.0
12058	0.0
6780	0.0
8870	0.0001783595908064159
3003	0.00019264546494892116
2993	0.0
3078	0.0004175612167852086
5983	0.0
3888	0.0
1090	0.0002581294110729201
856	0.0008334027477355231
3156	1.0748036468087737e-07
1098	2.4183082053197407e-07
7420	0.0
550	0.00020883434857494473
8132	0.0006262880849954724
3591	0.00025579872211199613
6083	0.0
9392	0.0029139001668632663
9635	0.001345718719743392
7419	0.0
8298	5.3740182340438683e-08
662	0.0008346925121116936
9839	0.0008373672049813406
1421	9.40453190957677e-06
1575	0.0
6711	0.00020883434857494473
13438	0.0
5003	0.0008799820671626082
4293	0.0
2574	0.0
3114	0.0
1044	0.0
13563	0.0
5993	0.0
6237	0.000417614956967549
842	0.0038152715905387905
689	0.0
1699	0.0006262880849954724
10621	0.0
6687	3.761812763830708e-07
9644	0.0
2021	0.00020883434857494476
671	1.0748036468087737e-07
2512	0.0
12833	0.0
3475	0.001875639844045991
4868	0.001029752356283078
6698	0.0
11315	0.00020883434857494476
5226	0.0002088343485749447
5160	0.0004175612167852086
9419	0.0
1723	0.0
9264	0.00019553179871853533
3603	0.0
2935	0.00020883434857494473
10875	0.0
2768	0.0
5115	0.0
523	3.0827577719139524e-05
788	0.00020883434857494473
13712	0.0004175612167852086
3389	0.00023688956162361467
1842	0.0
6796	0.0
7094	0.0
4853	0.0
8474	0.0
8073	0.0
5778	0.0
7353	0.0
9458	0.0
277	5.3740182340438683e-08
10538	0.0004175612167852086
4004	0.0
8869	0.0
9365	5.3740182340438683e-08
2798	0.0
71	0.0
6348	0.0006262880849954724
3172	0.0
1490	0.00020883434857494473
1789	0.00029144806906631753
10334	0.0
3192	0.00020883434857494473
1212	0.0
11397	5.3740182340438683e-08
362	5.02686595966008e-05
8234	0.00029264469374993147
5514	0.000417614956967549
2955	0.0
9067	0.0
3225	0.00020883434857494473
6773	0.0
8910	0.0
3951	0.0006263418251778129
9922	0.0
7683	0.0
6211	0.0
133	0.0
9267	0.00020883434857494473
7641	0.0
460	0.0
3045	0.0
12082	0.0
5647	0.0
13312	0.0
6090	0.0
6327	0.0
4957	0.0
1957	0.0
119	0.005035283341491762
2301	0.0
5236	5.3740182340438683e-08
12264	0.0
4772	0.00020883434857494473
1336	0.0004175612167852086
1434	0.0
1576	0.0
13247	0.0
22	0.00020883434857494476
2637	0.0
2756	0.0
2325	0.00020883434857494473
6982	0.0
796	0.0
3257	0.0
286	0.0
9384	0.0
12105	0.0
2817	0.0
1811	0.0006498207147461278
9373	0.0
4537	0.0
4057	0.0
12482	0.0
68	0.000417614956967549
1379	0.0
9205	0.003089090138087258
12249	0.0
9175	0.0004175612167852086
158	0.0
2904	0.002146163219522267
6423	0.0001391411168341509
2109	0.0004175612167852086
8762	0.0
5561	0.0
2596	0.00020883434857494473
10371	0.0
9349	0.0
409	0.0033995325681446475
1122	0.0
10877	0.0014595833523663147
73	0.00020255877247045247
8231	9.894583439400413e-05
8895	0.0
7109	0.0
13431	0.0
1703	0.0
692	0.0
10999	0.0
11732	0.0
3145	5.3740182340438683e-08
885	0.0
5923	8.598429174470189e-07
1196	8.061027351065802e-07
586	0.0
8587	0.0
4581	0.0
9709	0.0008346925121116936
7107	0.0006262880849954724
1454	0.001043096939227915
13201	0.0
7751	0.0
2104	2.7131611934267525e-05
5922	5.3740182340438683e-08
3569	0.0
1563	0.0
4326	0.0
7910	0.0006262880849954724
2870	0.0008901815858418322
6787	0.0
6141	5.3740182340438683e-08
877	0.0
6210	0.0
557	7.43272513937627e-05
9172	0.0
7279	0.00020883434857494473
10310	0.0
2598	0.0
2048	0.0006261806046307916
7596	0.0008346925121116936
3340	0.0
2416	9.761652255293093e-05
419	0.0009101260857456276
1859	0.0
12299	0.0
13080	0.0
6496	0.0
1409	0.0
4154	0.0
6235	0.0
865	0.0
1754	1.0748036468087737e-07
238	1.0748036468087737e-07
2377	0.0
8088	0.0
7211	0.0
8447	0.0
1732	0.0012520387681675405
11963	0.0
11405	0.0
2409	0.0
3189	0.0
2991	0.0
2110	0.0
5785	0.0
7303	0.00020883434857494473
8287	0.0
12235	0.0
7295	0.0
7447	0.00020883434857494473
8717	0.0
10854	0.0
11125	0.0
306	0.0
4540	0.0
6801	0.0
3306	0.0
2643	0.00010953562157946347
3651	0.0
7500	0.0
1872	0.0
9259	0.0
404	0.0005081505659794386
115	1.0748036468087737e-07
7061	1.0748036468087737e-07
1474	0.0016676653383884933
10115	0.0014595833523663147
8089	5.3740182340438683e-08
5871	0.0
156	0.0
4488	0.0003088274510840414
6100	0.0004123171970201217
6794	0.0
6277	0.0
8450	0.0
5046	0.0049946124772791796
3030	0.0
6454	0.0
6298	5.3740182340438683e-08
3220	0.000417614956967549
5596	0.0
3097	0.0
1820	1.6122054702131604e-07
13222	0.0
5076	0.0
128	1.1285438291492124e-06
760	6.986223704257029e-07
10481	0.0
8798	0.0
600	0.0
8871	0.0
3081	0.0
3778	0.0006128519838336575
12276	0.0006261806046307916
6968	0.0
4119	5.3740182340438683e-08
10176	1.87553236368131e-05
11655	0.0
3425	0.0
746	0.0
6736	0.0
3133	0.0
6439	0.0012576489008682954
11384	0.0
704	0.0015067287896124485
10026	0.0
5443	0.0
1327	0.0006261806046307916
3346	0.00011912588878984945
4586	0.0003711874655196641
11919	0.0
10833	0.0
920	0.0
10890	0.0
4513	0.0004175612167852086
2645	0.00020883434857494473
6092	0.0002088343485749447
7939	0.0028556365483043944
2371	0.0004175612167852086
11574	0.0
9607	0.0
8435	5.3740182340438683e-08
7068	0.0
1569	0.00020883434857494473
7072	0.0
7066	0.0
5084	0.0
2821	5.3740182340438683e-08
3772	0.0
6492	0.0
2826	0.0
2737	0.0
5520	0.00020883434857494476
12071	0.0
13264	0.0
2709	1.343504558510967e-06
6873	0.0
1028	0.0
7671	0.001980264750473709
1919	0.0011966955733219802
1463	0.001465071051494214
8641	0.0
8981	0.000417614956967549
8980	0.0
11689	0.0
679	0.0
4563	0.0
11602	0.0
7413	0.00020883434857494473
4234	0.0
1288	0.0004175612167852086
6229	0.00020883434857494473
3414	0.00032175912805008114
12526	0.0
3774	0.0
228	0.004362950443490855
4055	0.0
6564	0.0
4584	0.0
9626	0.0
2847	0.0
13550	0.0
316	0.0
3478	0.000417614956967549
3300	0.0006261806046307916
8108	0.0
3763	0.0
8973	0.0
5334	0.0
2722	0.00020883434857494473
2689	0.0
10943	0.0
6857	0.0
84	0.0
5459	0.003528204191196821
5187	9.94939256013643e-05
3305	0.00020883434857494473
8349	0.0
3018	0.0
1447	0.0
2219	6.986223704257029e-07
599	0.0
7865	0.0
4517	0.0
2404	0.0
1662	2.1496072936175473e-07
8059	3.224410940426321e-07
11209	0.0
7409	0.0
4277	1.0748036468087737e-07
7797	0.00020883434857494473
6574	0.0
9048	0.0
10265	0.00020883434857494473
1053	1.6122054702131604e-07
1067	0.0
3369	5.882897543744995e-05
11766	0.0
6071	0.0
3426	0.0
203	0.0
9282	0.0
7829	0.0
8227	0.0
5138	0.0
1525	0.0
7920	0.0
898	0.0
3962	0.0
3339	0.0006261806046307916
3679	0.0
11119	0.0
6837	0.0
7424	0.0
11755	0.0
9421	0.0
7688	0.0
9004	0.0003946617189176008
10036	0.00020883434857494476
1815	0.0
7545	0.0
8065	0.0
4728	0.00020883434857494473
1270	0.0
7711	0.0
10759	0.0
9062	0.0
3593	0.0
10361	0.0
7974	0.0
257	0.0
9604	0.0
5325	5.3740182340438683e-08
4727	0.0
8722	0.0
563	0.00029244569706481587
680	4.836616410639481e-07
8411	0.0
2158	0.0004175612167852086
11917	0.0
1387	0.0006638441199879048
6784	0.0
8503	0.00020883434857494473
2245	0.0
2317	0.0
3652	0.0
11457	0.0
1882	0.0
1721	0.0
685	0.0
691	0.0
8365	0.00026412933504467483
4511	0.00028475007828273626
10067	0.00020883434857494476
12253	0.0
3185	0.0
5622	0.0
12381	0.0
6363	0.0
8972	0.0
1959	0.0008346925121116936
6855	0.0
10924	1.0748036468087737e-07
4099	8.029036161877363e-05
399	0.0002491408223477137
12307	0.0
4412	0.0
2333	0.0
7487	0.0
1560	0.0
1644	0.0
4402	0.0
10241	0.0
5753	0.0
5403	0.0
4132	0.0
5535	0.00020123381396163083
6185	0.0
7281	0.0009550750105259928
6972	0.0
868	0.000670726064870047
62	0.0
5238	0.00041756121678520854
8848	0.0
8566	0.00020883434857494476
90	0.0
1291	0.0016685789214882806
8014	0.0
2804	0.0
3724	0.0
12087	0.0
12128	0.0
9593	0.0
2640	0.00020883434857494473
8092	0.000417614956967549
8692	0.00022075648104623267
4672	5.7496742968416586e-05
3043	0.0
8560	0.0
8423	0.0
701	0.00020883434857494473
12556	0.0
10604	0.0013182901756280349
3775	0.0
1952	0.0
1368	0.0
4681	0.0
10625	0.0
3406	0.00020883434857494473
8086	0.0
1840	0.0
16	0.0
11263	0.0
9619	0.0
7716	0.0
11596	0.00022473313610756805
8472	0.00020883434857494473
8107	0.0
6323	0.0
11021	0.0
13430	0.0
6320	0.00020883434857494468
1950	0.0007998178561818066
6443	0.0
3828	0.00020883434857494473
8539	0.0
11483	0.0
1247	0.0
1202	5.3740182340438683e-08
7867	0.0
12841	0.0
4225	0.002489464832644107
2552	0.0
7629	0.0
7504	0.000417614956967549
118	0.0010127917393396042
10512	0.0
9022	0.0
3531	0.0
3063	0.00039599286813345397
4191	0.00041756121678520854
6556	0.0002702822859766716
8505	1.530277978350656e-05
13479	0.00011203856216832059
8478	0.0
11320	0.0
5772	0.0
10227	0.0
7271	0.0
1118	0.0
3728	0.0
11080	0.0
9822	0.0
9711	0.0
10559	0.00017285196054225014
5629	0.0
7826	0.0
6051	0.0
335	3.224410940426321e-07
7152	0.0
10969	0.0
12730	5.3740182340438683e-08
5165	6.448821880852642e-07
4771	1.021063464468335e-06
5552	0.00020883434857494473
1751	0.00020883434857494473
6959	0.0
2775	0.0
2803	0.000979927661776882
3750	0.0
1279	0.0
2084	0.0
6360	0.0
1304	0.0
3995	5.3740182340438683e-08
12100	0.0
11531	0.0
11371	0.00020883434857494473
11831	0.0
7103	0.00020883434857494473
1620	0.0006261806046307916
738	2.687009117021934e-07
1611	1.6122054702131604e-07
9741	0.0
5735	0.0007574597944811742
6875	0.0
2831	0.0
3886	0.0006261806046307916
4948	0.0
3048	0.00020883434857494473
1608	0.0007858372826752203
7283	0.000989439128829627
3948	0.00020883434857494473
12001	0.0
2290	0.0
5070	0.0002088343485749447
11001	0.0
8818	0.0
8172	0.0
530	0.0
9979	0.0
10932	5.3740182340438683e-08
253	0.0
1786	0.0
7060	0.0010433118999572766
8479	0.0012513938859794551
2563	0.0
1856	0.0
5054	3.761812763830708e-07
4648	0.0
10498	0.0
731	0.0
6114	0.0
5062	0.0002705399726250824
2190	9.07075135136025e-05
7975	4.929506249797512e-05
1555	0.0
13195	0.0
7519	0.0
4890	0.0
11783	0.0
12931	0.0
1316	0.0
2413	0.0
10629	0.0
1435	0.0004175612167852086
12146	0.0
750	0.00020883434857494468
5016	0.0013955863084133314
7621	0.0
7815	0.0
6539	0.0
755	0.0
2146	0.0006150931093442533
8784	0.0004095682603317741
436	0.0
5517	0.00042499063399954214
2774	0.00020883434857494473
3132	0.0
5873	0.0
2674	0.0
567	0.0
4184	0.00020883434857494473
9893	0.0
7669	0.0
3163	0.0
1503	0.0
5756	0.0
1488	0.0
9299	0.0
5370	0.0008097976030445863
10756	0.0
6534	0.0
9850	0.0
6701	0.0
5051	0.00020883434857494473
8644	0.0
6489	0.00020883434857494476
978	0.00032171820907006895
1342	0.0
6555	0.0
2358	0.0002088343485749447
4603	0.0
1344	0.0
5632	4.436930496845476e-05
5027	0.0
3761	0.0
8719	0.0
18	0.0
258	0.0
5456	0.0
6768	0.0012755814000389267
1622	6.473902057709862e-05
3437	0.0075856506505034655
10734	0.0037389219820885195
3572	0.0004941222202552315
6967	0.0
327	1.6122054702131604e-07
11742	0.0
9877	2.531835202215107e-05
7906	0.0
578	0.000417614956967549
3795	0.0
12156	0.0
6043	0.0004590504763753559
6296	9.40453190957677e-06
8294	0.0
4333	0.0
4530	0.0005009536431841707
1054	0.00011878473476698367
5716	0.0
5453	0.0
1759	0.0008346925121116936
7354	0.0006261806046307916
8612	5.329496400039038e-05
8142	0.0
5834	0.0
2453	0.0
7268	0.0
2180	0.0
416	0.0
10936	0.0
12364	0.0
93	0.0020666404555806507
11218	0.0
9571	0.0
780	0.0
6194	0.0
6337	0.0
4296	2.4183082053197408e-06
9659	3.3856314874476372e-06
13524	0.0
14	0.0
7237	0.00039664648909113436
5242	0.0
12099	0.0
8636	0.00020883434857494476
2916	0.0
3673	0.0
2833	0.0
10434	0.0
1029	0.0
43	8.061027351065802e-07
2616	0.0009087917198082969
3096	0.0
658	0.00015246985399688126
9173	0.0
1414	0.0
1848	0.0
10080	0.0
140	5.3740182340438683e-08
3330	2.1496072936175473e-07
955	1.6122054702131604e-07
11435	0.0
1696	0.0012946118749582976
7788	0.0
7994	0.0
3932	0.0
4362	0.0
7954	0.0
7883	0.0
1737	0.0
2354	0.0
5742	0.0
4748	0.0
7684	6.372728027429072e-05
4464	0.0
5467	0.00041658357839490965
4020	0.00020883434857494473
569	0.0
3850	1.6122054702131604e-07
2444	0.00041756121678520854
778	0.0
6951	1.0748036468087737e-07
2853	0.0
11174	0.0
1477	0.0
5218	0.0
8554	0.0
381	0.00020883434857494473
9642	0.0
10014	0.00020883434857494473
11197	0.0
13001	0.00020883434857494473
6734	0.0014858697701426993
9083	0.0
13455	0.0
6738	0.0
6771	0.0
7892	0.0016683102205765786
2056	0.0
5908	0.00020883434857494476
10457	0.0
8597	0.0
4604	0.0
7407	0.00020883434857494473
8889	0.0
13013	0.0
11827	0.00020883434857494473
3112	0.0
7919	0.0
11326	0.0
9096	0.0
4999	0.0002088343485749447
4522	0.0
3749	0.0012519850279852
372	0.0005794024195789374
7776	0.0
7003	0.001272927452211661
3256	0.0013739195312616234
3879	0.0
2147	0.00020883434857494473
11344	0.0
4919	0.0
3021	0.0
9310	0.0
4857	0.0
4759	0.0
8806	0.0
4177	0.0
7052	0.0002088343485749447
1888	0.0002088343485749447
6175	0.0
4387	0.0
605	0.00021178110190661213
2446	0.0008350149532057363
4921	0.0
4053	0.0
3409	0.00038891881158595494
8489	0.0
272	0.0
5602	0.0
5680	0.0
3301	0.00046369686599695355
1979	5.054350118128649e-05
3815	0.0
6812	0.0
3265	0.0
12598	0.001875639844045991
1864	0.0
6192	0.0
1424	5.3740182340438683e-08
5224	0.0
5698	0.0018600378458121997
302	5.911420057448256e-07
6127	0.0
13367	0.0
5320	0.0
8780	0.0
2957	0.0
7112	0.0
9820	0.0
8858	0.0
1548	0.00036338030097317066
1250	0.00020883434857494473
269	0.00020883434857494476
3839	0.0
6990	0.0
6232	0.0
8507	0.0
5356	0.0
9031	0.000628243477038661
11711	0.0
7742	0.0
10917	0.0004175612167852086
516	0.0
5196	0.0
8024	0.0
5277	0.0
8007	0.0
7329	0.00028628781719710646
5691	0.012457236732740426
8169	3.761812763830708e-07
4259	0.0
8812	0.0002088343485749447
7220	0.0
9682	0.0007218665371622998
5012	0.0
12324	0.0
4612	0.0
11048	0.0
5579	4.836616410639481e-07
1530	0.0
10515	5.3740182340438683e-08
10166	0.0
11003	0.0
6059	0.0
1858	0.0009746257274805424
10611	0.0
5570	0.0
3615	0.0
4331	0.0
3230	0.0004806796318104598
2934	0.00020883434857494476
309	0.0
11162	0.0
2584	0.0
6444	1.0748036468087737e-07
9281	0.0
10414	0.0
5485	0.0
4409	0.0
3042	0.0
7460	0.0
499	0.0
2279	0.0022922337375490716
5343	0.004157286765673996
1619	0.0
13426	0.0
9324	5.725134293577662e-05
10974	5.3740182340438683e-08
6108	0.0
8809	0.0
6073	0.0
7915	0.0005035981059539476
1539	0.0006262950117284551
8728	0.0
3907	0.0
3196	0.0
10509	0.0
10801	0.0
7177	0.0
12012	0.0
13783	0.0
6546	0.0
1190	0.0
879	0.00020883434857494476
1359	0.0
8946	0.0
13754	0.0
7168	0.0
5779	0.0010432863870208488
5977	0.0
11006	0.0
2040	0.0
9165	0.0
8384	0.0
7380	0.0
10660	0.00031196175848624655
2441	0.0
6395	0.00020883434857494473
9	0.0
4032	0.0
1472	0.00020883434857494473
7248	0.0
9767	0.0
5192	0.0
9485	0.0
3707	0.0
2266	9.555694389904462e-05
7554	0.0
12705	9.40453190957677e-06
468	0.0007839536866419997
7866	0.0
11385	0.0
11022	0.00020883434857494473
5504	0.00020883434857494473
1160	0.00020883434857494473
3841	0.0
3209	0.0
6897	0.0
5448	0.00020883434857494473
3994	0.0
6562	0.0004175612167852086
5998	2.203347475957986e-06
1744	8.061027351065802e-07
7221	0.0
8999	0.0
7961	0.0
11854	0.0
2919	0.0
4193	0.0
3013	0.0
4419	0.0
4386	0.0
9827	0.0
4423	0.00020883434857494473
6802	0.0
3299	0.0
11394	0.0
8434	0.0
5303	0.0
2176	0.0
2882	0.0
3160	0.0010430969392279151
8751	0.0
1986	0.00012471198183833414
1295	0.0006726751708194124
7471	0.0
11382	0.0
7385	0.0
11475	0.0003034686370150798
10884	0.0
1867	0.0
11693	0.0
1975	0.0002088343485749447
8370	1.7503714253239326e-05
4597	0.0
9323	0.0
2494	0.0
7043	0.0
10396	0.0
4896	0.000417614956967549
7760	0.0
10257	0.0
7489	2.1496072936175473e-07
1558	0.0
3732	0.0022650282489188756
12260	0.0
9194	0.0
3015	0.0
660	0.0
2723	0.0
2335	0.0
6292	0.0
3358	0.000417614956967549
7807	0.0
10376	0.0
9339	0.0
12498	0.0
9548	5.3740182340438683e-08
7387	0.0
6885	0.0
1847	0.0
10125	0.0
7859	0.0
8408	0.00020883434857494473
3936	0.0
1653	0.0
5807	0.00046287384397110365
3336	0.0
2951	0.00020883434857494473
2648	0.0
5863	0.0002547910658861324
4176	0.0
232	0.0002088343485749447
4291	0.0
7703	0.0
4943	0.0
1088	0.0
2445	4.046805436074e-05
6909	0.0
3393	0.0012516625868911576
6084	0.0
7537	0.0
8197	0.0
6119	0.0
11292	0.0
1729	0.000417614956967549
1593	0.0008346925121116936
12294	0.0
12093	0.0
12414	0.0
7675	0.0
5414	0.0
5723	0.0013894599503177264
4484	0.0
917	0.0
8786	0.0006261806046307916
4877	1.4509849231918445e-06
8776	0.0
10711	0.0
604	0.000417614956967549
1136	0.0
4093	5.3740182340438683e-08
1060	0.00020883434857494473
7245	0.0
3195	0.0
37	0.0
10021	0.0
1213	0.0
5955	0.0
668	0.0
11513	0.0
8936	0.0
767	0.0
10986	0.0
11459	0.0
8005	0.0
7825	0.000751123997757234
5105	0.0
2754	0.0
3550	0.0
7819	0.0
5095	0.0
8758	0.0
1177	0.0
7698	0.0
38	0.0
41	0.0
4210	0.00020883434857494473
2878	0.0
12697	0.0
13582	0.0
10597	0.00020883434857494476
8850	0.0
4104	0.0
7729	5.3740182340438683e-08
3357	0.0006819379064974449
5005	0.0007601018878336097
3420	0.0003883985067550346
36	0.0006261806046307916
3394	0.0004175612167852086
4795	9.398613932555444e-06
7792	0.0
3566	5.3740182340438683e-08
2932	0.0
2421	0.0
4244	0.0
9963	0.0
6516	0.001043096939227915
6803	0.0008346925121116936
8788	0.0
8676	0.0
11891	0.0
7904	0.0
450	0.0
7074	0.0
11287	5.3740182340438683e-08
8755	0.0
2330	0.0
4976	0.0
3961	0.00020883434857494473
6680	0.0
4516	0.0
2350	0.0
7023	0.0
2524	2.1496072936175473e-07
2165	0.0015420896072293085
8884	0.0
8175	0.0
7872	0.00020883434857494473
8475	0.0
7278	0.00041756121678520854
11225	0.0
10850	0.0
2306	0.000417614956967549
7131	0.0
2662	0.00020883434857494476
9947	0.0
6871	0.00020883434857494473
9785	1.0748036468087737e-07
1308	2.4183082053197407e-07
12822	0.0
7718	0.0
4329	0.00037838764506493674
8526	0.0002088343485749447
1943	0.0
10478	0.0
4397	0.0008346925121116936
4079	0.0
9525	0.0
2262	0.0
9359	0.0
5710	0.0
7551	0.00020883434857494473
5168	0.0
10038	0.0
9144	0.0
5536	0.0016791181730344078
8239	0.0
8689	0.0
1364	0.00020883434857494473
4358	0.0
7655	0.0
9564	0.0
4472	0.0
5616	0.0
6064	1.6122054702131604e-07
10617	0.0
3712	0.0
8023	0.0
2150	0.0
11207	0.0
7721	0.0
11440	0.0
7160	0.0
13350	4.4805709166576275e-05
6630	0.0012392923079082392
5782	0.0
2536	0.0014603894551014213
6753	0.0
2210	0.0
1881	0.0008346925121116936
7645	1.8462683916613792e-05
9956	1.0748036468087737e-07
8852	0.00020883434857494476
9547	0.0
106	0.00020883434857494476
3224	0.0
4006	0.0034920186876409966
1719	0.0012125334600057455
11796	0.0
12702	8.598429174470189e-07
2764	0.0006261806046307916
477	0.0008346925121116936
7916	0.00020883434857494473
5511	0.0
6666	0.0
1416	1.2070747571752435e-05
13711	0.0
2894	0.00351370630235631
6653	0.00020883434857494473
7642	0.0
7532	0.009871971076335253
8880	0.0
4893	0.0
4620	0.0
6384	0.0
8958	0.0
7959	0.0
8240	0.00042835434562152477
3913	0.0006369777688342558
3382	0.0
9559	0.0
10691	0.0
184	0.0
7115	0.0009469996390928698
5267	0.0
13656	0.0
5968	0.0021116024143150672
1330	0.0
4196	0.0
1681	0.000417614956967549
1052	0.00020883434857494476
9125	0.00020883434857494473
13384	0.0
956	0.0009176363530277931
7404	0.0
1322	0.0
4903	0.0
1906	0.0
6879	0.0
7183	0.0
3562	0.0012513938859794551
4413	0.0
3735	0.0008281464583532929
12528	0.0
504	0.0
4336	0.000397076877289498
2781	0.0
126	0.0
5344	0.0
7347	0.0
545	0.0
547	0.0004175612167852086
7077	0.0
3026	0.0
1138	0.0
1667	0.0
979	0.00020883434857494473
2296	0.0
6254	0.0012516625868911574
4578	0.0
12477	0.0
2037	0.0007408224195914697
4429	0.0012216587634045724
2541	0.0
8685	0.0
8204	0.0
8553	0.0
10663	0.0
3937	5.3740182340438683e-08
4491	0.0
1390	0.0
4852	0.0002088343485749447
4891	9.635723123735138e-05
6580	0.0
6696	0.0002088343485749447
2818	0.0
9376	0.0
13580	0.0
9018	0.0
6101	0.0
1319	0.0
13236	0.0
13425	0.0
10121	0.0
4328	0.0
706	0.0
1776	0.0
3822	0.0
7820	0.0
3836	0.0
7938	0.0
11736	0.0
2168	0.0
2033	0.0
12957	0.00020883434857494473
3933	0.0
9998	0.0
11719	0.0
5309	0.0
1704	0.00020883434857494473
1311	0.0
3315	0.0
8139	0.0
8481	0.0
8495	0.0
2571	0.0
5840	0.0
3980	0.00023136147603915059
10596	0.0
1206	0.0
453	0.0
8604	0.00020883434857494473
4908	0.0004057984738561066
7918	0.0
8138	0.0
2633	0.0
2903	0.0
5931	0.0
11633	0.0
650	0.0
560	0.0
789	2.1496072936175473e-07
8660	1.07607431668792e-05
5740	0.0
7018	0.0
4816	0.00020883434857494473
11626	0.0
10879	0.0
12096	0.001875639844045991
4150	0.0
2094	0.0
925	0.0
7478	0.0
8035	0.0
2535	0.0
465	0.00020883434857494476
3938	0.0
951	0.0
1328	0.0
837	0.0012520387681675405
6600	0.0
2813	0.0012513938859794551
1750	0.0
2393	0.0
1543	0.0
8570	0.0005953003759681035
6964	0.00020883434857494473
1978	0.0
263	0.0
11760	0.0
9097	0.0
9852	0.0
2103	0.0
9330	0.0
2085	0.0006262880849954724
493	0.0009854379245976652
11149	0.0
13278	0.0
5781	0.0017419528083542197
5547	0.0
2398	0.0
6072	0.0
3535	0.0
12459	0.0
713	0.0
11280	0.0
6202	0.0
7395	0.0
5249	0.0
11051	0.0
10	0.0
5979	6.637315737490523e-05
919	0.0
6779	0.0
5695	0.0
1225	0.00020883434857494473
9545	0.0
11521	0.0
8497	0.0
1626	0.0
130	0.0
664	0.0004175612167852086
11890	0.0
8983	0.0
6446	0.0
7746	0.0
12461	0.0
3069	0.0008346925121116936
3187	0.0
6425	0.0
1318	0.0
705	0.0
3362	0.0
4544	0.0
4168	0.0
708	0.0008394907830984338
3941	0.0
311	0.0
3290	0.0
2918	0.0
2314	0.0
707	5.3740182340438683e-08
8128	0.00020883434857494473
2555	0.0
4304	8.061027351065802e-07
7903	0.00020883434857494468
1352	0.0004175612167852086
3489	1.6122054702131604e-07
3963	0.0008350149532057363
1300	0.0
9766	5.3740182340438683e-08
10677	0.0
8094	0.0
1230	0.0
171	0.0
8353	0.0
5212	0.0006865025228123393
5862	0.0
8551	0.0
11206	5.3740182340438683e-08
515	0.0003673292129323422
13061	0.0
3784	0.0
12591	0.0
9234	0.00020883434857494473
1567	0.0004175612167852086
3512	0.0
1355	5.3740182340438683e-08
4338	0.0
3158	0.0
3960	0.0
2297	0.0002692572997835163
8286	0.0
7091	0.0
2600	3.224410940426321e-07
3545	0.0
9689	0.0
5841	0.0
12046	0.0
271	0.0
10169	0.0
7713	0.0
1378	9.807700803223669e-05
6709	0.0
3838	0.0
4923	0.00020883434857494473
7562	0.0
2121	0.0
4021	0.0
3240	0.0
2141	0.0
332	0.0010862456582423868
11077	0.0
8643	0.0
11733	7.431503765885928e-05
709	0.0
3655	0.0
10514	0.0
425	0.0
2191	0.0
3149	0.0
13100	0.0
2386	2.5817897374459667e-05
12186	0.0
6835	0.0
654	0.0
5323	0.00020883434857494473
5313	0.0
2769	0.0013586423755506806
9845	0.0
7088	0.0
12469	0.0
4723	5.3740182340438683e-08
13874	0.0
12982	0.0
2660	8.061027351065802e-07
3462	0.0
1594	0.0
9401	0.0
7459	0.000417614956967549
10002	5.3740182340438683e-08
13186	0.0
1845	0.0
12739	0.0
3798	0.0
11537	0.0
9941	0.0
3053	0.0
519	0.0
8552	0.0011942926067791213
13645	0.0
13249	0.0
6392	0.0
7326	0.0
8367	0.0
99	1.0748036468087737e-07
4467	0.0
7241	0.0
9490	0.0
1079	0.0
5655	0.0
9043	0.0
5081	0.0004175612167852086
8442	0.0
11597	0.0
7484	0.0
11014	0.0
13693	0.0
1337	0.0
5433	0.0
6999	0.0
7871	0.0
1669	0.00039514042127284326
9590	0.0
1112	0.0008348537326587149
4493	0.0
7743	0.0010368346798028398
4585	0.0
1914	0.00020883434857494473
860	0.0
1715	0.0004175612167852086
2661	0.0
11929	0.0
12804	0.0
4414	0.0
1844	0.0
11226	0.0
3482	5.3740182340438683e-08
4545	0.0
7006	0.0
12259	0.0
5690	0.0
13063	0.0
9343	0.0
9891	0.0
6727	0.00012814938277179455
10536	0.0
4909	0.0
11870	0.0
1324	2.687009117021934e-07
931	0.0020696233751246844
7301	0.0
3418	0.0
5308	0.0
3277	0.0
13717	0.0
9628	0.0
9914	0.0
8273	0.0
11645	0.0
10729	0.0
11577	9.224971459058328e-06
1027	1.2961504131072933e-05
12522	0.0
6449	0.0
7900	0.0009655532445596684
935	0.0
14062	0.0
4349	0.0
11552	0.0
843	0.0016108501140558323
4836	0.0002088343485749447
7875	0.0
4520	0.0
5209	0.0
9536	0.0
8793	0.0
11568	0.0
8220	0.0
4637	0.0
8046	0.0
6041	0.0
4400	0.00020883434857494468
1483	0.0003891791943162351
6767	0.0
1724	0.0
4325	0.0
9758	0.0
9041	0.0002088343485749447
173	0.0
2145	0.0
220	0.0
10141	0.0
3483	0.00016824025416758843
10938	0.0
8150	0.0
407	0.0
6080	0.00020883434857494473
4596	0.0
914	0.0
1360	0.00020883434857494468
3399	0.0
11561	0.0
7745	0.0
6166	0.0009878362612727365
5895	0.0
7619	0.0
13383	0.0
12678	0.0
9577	0.0
3033	0.0
13329	0.0
2664	0.0
535	0.0
7838	0.0007256698783604237
5223	6.209018847931917e-05
6592	0.0
3466	0.0
3266	0.0
1606	0.0
3526	0.0
4468	0.0
5775	0.0
2132	0.0
6400	0.0
6258	0.0
5260	0.0
799	0.0
3208	0.0
2353	0.0
1036	0.00020883434857494473
3325	0.0
3459	0.0
7979	0.0
2415	0.000417614956967549
10428	0.0
10990	0.0
2218	0.0
11580	0.0004175612167852086
2438	0.00020883434857494473
12419	0.0
4844	0.00020883434857494473
1580	0.0
7987	0.0
2408	0.0
304	5.3740182340438683e-08
9410	0.0
6487	1.8462683916613792e-05
3568	0.0
6424	0.0
9224	0.0
5276	0.0
6599	0.0004590062555627418
1838	0.0
11463	0.0
2359	0.00020883434857494473
10095	0.00044552784653160103
7880	0.0
10411	0.0
4327	0.00020883434857494473
2738	0.00394849577934293
682	0.0
6352	0.0
8506	0.0
3727	0.0
2814	0.0
8274	0.0
3744	0.00020883434857494476
13601	0.0
7028	0.0
6156	0.0
3469	0.001668740142035302
1310	0.0
5571	0.00020883434857494473
4632	0.0
4165	0.0
8589	1.6122054702131604e-07
9493	0.0
9669	0.0
2625	0.0
7092	0.0
4430	0.0
8666	0.0
5704	0.0
4144	0.0
7814	0.0
6945	0.0
4716	0.0
2908	0.0
200	0.0
10237	0.0011638659241837354
2240	0.0
303	0.0
1114	0.0
1339	0.0002088343485749447
262	0.00020883434857494476
1582	5.3740182340438683e-08
7249	0.0
259	0.00015382830720336098
3066	0.0
9291	0.0
2617	0.0
2622	0.0
4623	0.0
981	0.0
551	0.0
6805	0.00020883434857494473
7929	0.0
7123	0.0
902	1.0748036468087737e-07
6543	0.0
4065	0.0
9278	0.0
5039	0.0
12068	0.0
8110	0.0
5988	0.0
12838	0.0
11505	0.0006261806046307916
6453	0.0008346925121116936
4651	0.0
7319	0.0
10978	0.0
2572	0.0
6612	0.0
4658	0.0
4449	1.0748036468087737e-07
6478	1.0748036468087737e-07
13245	0.0
10146	0.0
325	0.0
8867	0.0
414	0.0
795	0.0
8855	0.0
2047	0.0005433913229202698
4069	0.0
2671	0.0
7162	0.0
3861	0.0
10283	5.3740182340438683e-08
6376	0.0
7013	0.0
1521	0.0
1451	0.0
8417	0.0
6162	0.0
2239	0.0
2553	5.911420057448256e-07
11858	0.0
821	5.3740182340438683e-08
6206	0.0
6145	0.0
6422	0.0
3777	0.0
2604	0.00020883434857494476
3031	0.0
4037	0.0
2429	0.0
3670	0.0
7389	0.0
4904	0.0
7608	0.0
1837	0.0
1224	5.3740182340438683e-08
2929	0.0004175612167852086
426	0.0
2591	0.0
1076	0.0
3405	0.0
7485	0.0
6844	0.0
1875	0.0
10137	0.0
10687	0.0
12545	0.00020883434857494473
8098	0.0
2472	0.0
344	0.0
3432	0.0
6307	0.0
5382	0.0
10745	0.0
12288	0.0
10496	0.0
5853	0.0
9248	0.0
9786	0.0
2501	0.0
11288	0.0
4936	0.0
8392	0.0
2961	0.0
9391	0.0
5269	0.0006261806046307916
11412	0.0
4711	0.0
3424	0.0
9580	0.0
7928	0.0
13483	0.0
6823	0.0
397	2.1496072936175473e-07
8189	0.0
2681	0.0
8514	0.0008324392149166645
7327	0.0
10285	0.0
4643	0.0
513	0.0045819888610042145
9178	0.0
3536	1.0748036468087737e-07
3232	0.00015630012151678853
11042	0.0
5064	0.0
10459	0.0
13865	0.0
7057	0.0004175612167852086
3998	0.00020883434857494473
241	0.0
2442	0.0
3501	0.0
8729	0.0
602	0.0
5620	0.0
10085	0.0
5847	0.0
1948	0.0
742	0.0
9908	0.00020883434857494473
1170	0.0
10572	0.0
9436	0.002441285850697132
8499	0.0
962	0.0
4085	0.00020883434857494473
11181	0.0
4554	0.0
2825	0.0
447	0.0
8305	0.0
1741	0.00020883434857494473
4675	0.0
8794	0.0
8154	0.0
7502	0.0
5970	0.0
2652	0.0
5038	0.00020883434857494473
9560	0.0
8569	0.0
2111	8.213672500031946e-05
12104	0.0
5930	0.0
9640	0.0
7777	0.00020883434857494473
9162	0.0
5137	0.0
11720	0.0
3082	0.0
1621	0.0
1120	0.0
4642	0.0
6488	0.0
8856	0.0
7110	0.0
5118	0.0
7320	0.0
6358	0.0
13004	0.0
4859	0.0
4416	0.0
7817	0.0
12044	0.0
9688	0.0
645	0.0
3745	0.0004175612167852086
501	0.0
4019	0.0
3584	0.0
927	0.0
5762	0.0
2253	0.0
6107	0.0
12654	0.0
9937	0.0
11957	0.0
9996	0.0
8543	0.0
8637	0.0
5231	0.0
2450	0.0
9148	0.00020883434857494473
13487	0.0
1374	0.0
1660	0.0
1994	0.0
251	0.0
2155	0.00020883434857494473
10646	0.0
5562	0.0
8419	0.0
4624	0.0
3352	0.0
5953	0.0
4509	0.0
12583	0.0
4091	0.0
9961	0.0
8122	0.0002088343485749447
4174	0.0
1246	4.4568490669244063e-05
11793	0.0
1349	0.00040261414779345464
12008	0.0
4122	0.0
9501	0.0
10083	0.0
4048	0.0
2022	0.0
613	0.0
12123	0.0
2460	0.0
5687	0.0
2226	0.0
5278	0.0
7214	0.0
5408	0.0
12154	0.0
9061	3.761812763830708e-07
9046	0.0
5351	0.0
9273	0.0
573	0.0005963771493849989
10815	0.0
10861	0.0
7031	0.0
8911	8.570752134171493e-05
7816	0.0
3546	0.0004175612167852086
10802	0.0
12248	0.0
4083	0.0
3730	0.0
7726	0.0
13149	0.0
12618	0.0
5253	0.00014628486038618702
10443	0.0
6935	0.0
9208	0.0
10845	0.0
6931	0.0
8974	0.0
8672	0.0
2197	0.0
6681	0.0
10077	0.001429854689026582
10441	0.0
10918	0.0
11190	0.0
6583	0.0
7457	0.0
13090	0.0
2379	0.0
2983	5.3740182340438683e-08
11517	0.0
13522	0.0
9089	0.0
3308	0.00020883434857494473
10012	0.0
12383	0.0
2802	0.0
9745	5.3740182340438683e-08
5855	0.0
8039	0.0
4677	0.0
12760	0.0
5172	0.0
6243	0.00020883434857494473
13622	0.0
8674	0.0
6499	0.0
11403	0.0
8190	0.0
6994	0.0
11519	0.0
9423	0.0
3236	0.0
6209	0.0
1418	0.0
13805	0.0
7143	0.0
5924	6.448821880852642e-07
3417	5.3740182340438683e-08
7435	0.0
1763	0.0
1174	5.3740182340438683e-08
1134	0.0
5769	0.0
8608	0.0
7715	0.0
8093	0.0
5430	0.0
740	0.0
7014	0.0
11990	0.0
4366	0.0
4883	0.0
5116	0.0
1706	0.0
8739	0.0
2606	6.986223704257029e-07
3086	1.0748036468087737e-07
5799	0.0
5718	0.0
3119	0.00012525265477257713
1020	0.0
766	0.0
5293	0.0
4938	0.00020883434857494473
670	0.0
1746	0.0
8258	0.0
3148	5.3740182340438683e-08
8531	0.0
3714	0.0
2312	0.0
2743	0.0
2179	0.0
826	0.0
8301	0.0
2102	0.001043096939227915
11030	0.0
1865	0.0
2871	0.0
1317	0.0
5406	0.0
6349	0.0
3461	0.001151227707853687
2383	0.0
698	0.0
1742	0.00020883434857494473
2228	0.0
261	0.0006261806046307916
3467	0.0
4217	0.0
11091	0.00020883434857494473
4426	0.00020883434857494473
9643	0.0
9779	0.0
4564	0.0
5026	0.0
10157	0.0
942	0.0
9441	0.0
6775	0.0
5713	4.836616410639481e-07
13	4.2992145872350947e-07
4680	0.0
7165	0.0
3080	0.0
6535	0.0
633	0.0
2483	0.0
2087	0.0
1890	0.0
10185	0.0
5528	0.0
10954	0.0
7771	0.0
4406	0.0
10094	0.0
9910	0.0
7243	0.0
5586	0.0
5567	0.0
5265	0.0
4420	0.0
774	0.0
11604	0.0
13011	0.0
1022	2.687009117021934e-07
4016	0.0
7738	0.0
12275	0.0
2670	0.00020883434857494473
1897	0.0
7465	0.0
4568	0.0
9141	0.0
10252	0.0
1940	3.761812763830708e-07
2116	0.0
4477	0.0006261806046307916
8224	0.0
5092	0.00020883434857494473
6514	0.0
9586	0.0
3347	0.0
3360	0.00020883434857494473
9146	0.0006261806046307916
11330	0.0
2744	0.0
1321	0.0
3376	0.0
336	0.0
9118	0.0
6191	0.0
11928	0.0
1517	0.0
3825	0.0
1835	0.0
3644	0.0
3242	0.0
9320	5.0024913790581716e-05
2540	0.00020883434857494473
10407	0.0
723	0.0
9426	0.0
5783	0.0
421	0.0
6922	0.0
8246	0.0
2673	0.0
4843	0.0
7592	0.0
1524	0.0
6939	0.0
12718	0.0
1012	6.505517144133759e-05
2009	0.0
10996	0.0
5845	0.0
1041	0.0
6888	0.0
97	0.0
6106	0.0
3205	0.0
11947	0.0
9117	0.0
11389	0.0
10007	0.0
10330	0.0
6378	0.0
3282	0.0
1035	0.0
2343	0.0
6442	0.0
8724	0.0
7208	0.0
6217	0.0
7286	0.0
4729	7.523625527661416e-07
5327	0.0
6018	0.0
5024	0.0
6984	0.0
11113	0.0
1583	3.224410940426321e-07
1408	0.0
390	0.0
70	4.2992145872350947e-07
9782	0.0
9051	0.0
10224	0.0
3473	0.0
7667	0.0
6868	0.0
598	0.0
761	0.00020883434857494476
617	0.0
4725	0.0
4075	0.0002088343485749447
7543	0.0
6610	0.0
6983	0.0
6435	0.0
5197	0.0
10853	0.0008432395339801158
8149	0.0016346158400541303
1362	6.926401657448585e-05
10455	0.0
8527	0.0006261806046307916
5789	0.0
6199	0.0
2884	0.0
6095	0.0
4410	0.0
10689	0.0
1357	0.0
6912	0.000417614956967549
8940	0.0
8891	0.0
13289	0.00020883434857494473
5091	6.448821880852642e-07
5656	0.0
10256	0.0
4241	0.0
12830	0.0
324	0.0
657	0.0
3634	0.0
321	0.0
6005	0.0
3139	0.00020883434857494473
11127	0.0
2865	5.1322210716185766e-05
3008	0.0
13306	0.0
8198	0.0
10160	0.0
4792	2.1496072936175473e-07
7578	0.0
3353	0.0
3479	0.0
3541	0.0002004588686950763
51	0.0
9370	0.0
10369	0.0
13161	0.0
3452	0.0
5379	0.0
4173	0.0
7638	0.0
6604	0.0
9854	0.0
356	0.0
4901	0.0
736	0.0
5580	0.0
6309	0.0
8741	0.0
6324	0.0
6409	0.0
2912	0.0
5893	0.0
1249	2.5795287523410567e-06
2052	0.0
2846	0.0
2663	0.0
7824	0.00020883434857494473
2419	0.0
14061	0.0
2378	0.0009111096297744211
11696	0.0
1269	0.0
3818	0.0
2060	0.0
9894	0.0
1217	0.0
2855	0.0
1006	0.0
786	0.0
9907	0.0
1818	0.0
12649	0.0
10284	0.0
6752	0.0
6751	0.0
13688	0.0
7615	0.0
10436	0.0
4389	0.0
5578	0.0
9603	0.0
4373	0.0
6533	0.0
11143	0.0
1542	0.0
8002	0.0
1603	6.448821880852642e-07
9169	0.0
5737	0.0
10983	0.0
6628	0.0
5061	0.0
2703	0.0
2162	0.0
5657	0.0
5918	0.0
7493	0.0
7175	0.0
6740	0.00020883434857494473
4654	0.0001230818481605065
5259	0.0
7946	0.0
4609	0.0
1354	0.0
1003	0.0
6728	0.0
10844	0.0
4969	0.0
11609	0.0
6065	0.0
5069	0.0
12969	0.0
5920	5.3740182340438683e-08
4266	0.0
2138	0.0
2214	0.0
4627	0.0
4505	0.0
7544	0.0
3093	0.0
5556	0.0
5152	0.0
8681	0.0
10338	0.0
13447	0.0
11017	0.0
10101	0.0
9078	0.0
11721	0.0
7905	0.0
1900	0.0
3686	0.0
782	0.0
11585	0.0
2370	0.0
10340	0.0
8212	0.00046181357501724404
3649	0.0
9019	0.0
489	0.0022877508460627974
3120	0.0002088343485749447
2575	0.0
3943	0.0004175612167852086
7766	0.0
3375	0.0
3285	0.0
3979	0.0
13276	0.0
1993	0.0
3833	0.0
9434	0.0
699	0.0
3178	0.0
6278	0.0
6845	0.0
3639	0.0
812	0.0
3445	0.0
7949	0.0
10015	0.0
3658	0.0
6482	0.0
13435	0.0
3597	0.0
3453	0.0
11509	0.0
11946	0.0
5986	0.0
10912	0.0
2844	0.0
5810	0.0
6420	0.0003732423201693219
12988	0.0
4543	0.00020883434857494473
2222	0.0
11313	0.0
8935	0.0
8779	0.0
5336	0.0
2880	0.0
5846	0.0
809	2.6870091170219342e-08
6359	0.0
2672	0.0
6655	0.0
5025	0.0
2750	0.0
12210	0.0
3083	0.0
290	0.0
6798	0.0
5180	0.002007535444445372
8424	0.0
2029	0.0
9958	0.0
1340	0.0
7566	0.0
7437	0.0
10892	0.0
5217	0.0
10194	0.0
7257	0.0
9566	0.0
10516	0.0
7513	0.0
5743	0.0
8383	0.0
10243	0.0
11785	0.0
12216	0.0
632	0.0
12284	0.0
5047	0.0
2883	0.0
5981	0.0
4956	0.0
6678	0.0
13935	0.0
5311	0.0
4120	0.0
2806	0.0
11492	0.0
3206	0.0
10506	0.0
2273	0.0
8171	0.0
12541	0.0
7773	0.0
9286	0.0
6044	0.0
2513	5.3740182340438683e-08
10779	0.0
3812	0.0
12606	0.0
8508	0.0
12544	0.0
9380	0.0
1918	0.0
5678	0.0
10109	0.0
2842	0.0
12650	0.0
5532	0.001633796165726975
3331	0.0
3296	0.0
7069	0.0
1353	0.0
3528	0.0
2129	0.0
10860	0.0
6884	0.0
11714	0.0
398	0.0
5384	0.0
8663	0.0
6017	0.0
4770	0.0
12	0.0
1911	0.0
9435	0.0
3401	0.0
867	0.0
2313	0.00010439030419630214
1425	0.0
1216	0.0
4313	0.0
9396	0.0
3391	0.0
12769	0.0
5802	0.0
769	0.0
7227	0.0
8009	0.0
8051	0.0
6925	0.0
1443	0.0
4732	0.0
10277	0.0
2772	0.0
1511	0.0
5674	5.3740182340438683e-08
6620	0.0
5380	0.0
5973	0.0
3785	0.0
8555	0.00020883434857494473
10297	0.0
4394	0.0
12197	0.0
1639	0.0
9648	0.0
11767	0.0
12320	0.0
32	0.0
5707	0.0
9044	0.0002065684030761523
3970	0.0
11050	0.0
9038	0.0
3509	0.0
1942	0.0
11223	0.0
13675	0.0
1764	0.0
1917	0.0
13507	0.0
10216	0.0
6231	0.0
350	0.0
3640	0.0
11504	0.0
3456	0.0
7779	0.0
13890	0.00020883434857494473
10092	0.0
4698	0.0
11182	0.0
3939	0.0
8535	0.0
12312	0.0
10364	0.0
1449	0.0
6616	0.0
6347	0.0
9326	0.0
183	0.0
7830	0.0
6299	0.0
945	0.0
5321	0.0
223	0.0002697875154107694
10929	0.0
1481	0.0
11150	0.0
1538	0.0
2630	0.0
972	0.0
3756	0.0
895	0.0
1971	0.0
1070	0.0
8662	0.0
6515	0.0
9057	0.0
10610	0.0
9609	0.0
12011	0.0
3197	0.0004175612167852086
938	0.0
7213	0.0
3984	0.0
2843	0.0
13305	0.0
9677	0.001838901361531675
189	0.0
606	0.0
5123	0.0
10616	0.0
3116	0.0
1276	0.0
8704	0.0
10643	0.0
6847	0.0
11046	0.0
9445	0.0
11822	0.0
8947	0.0
3650	0.0
3878	0.0
6351	0.0
334	0.0
1314	0.0
2621	0.0
4437	0.0
7597	0.0
3068	0.00034800133039334546
7717	0.0
806	0.0
3248	0.0
8632	0.0
5425	0.0
11489	0.0
8583	0.0
5103	0.0
11093	0.0
2848	0.0
7678	0.0
11300	0.0
8593	0.0
12917	0.0
7021	0.0
5549	5.3740182340438683e-08
6705	0.0
3561	0.0
8300	0.0
8330	0.0
1334	0.0
2397	0.0
9726	0.0
9021	0.0
9023	0.0
6829	0.0
7298	0.0
2411	0.0
10797	0.0
1814	0.0
8659	0.0
5907	0.0
300	0.0
11906	8.598429174470189e-07
716	0.0
7156	0.0
9216	0.003400581106740457
8403	0.0
10500	0.0
2867	0.0
8924	0.0
7358	0.0
1785	0.0
12895	0.0
12826	0.0
9876	0.0
3737	0.0
9080	0.0
11470	0.0
7702	0.0
13552	0.0
10864	0.0
4054	0.0
3518	0.0
4035	0.0
2734	0.0
4005	0.0
537	0.0
1821	0.0
5127	0.0
1154	0.0
5268	0.0
7011	0.0
13067	0.0
7122	0.0
4058	0.0
8624	0.0
13541	0.0
2402	0.0
9217	0.0
6452	0.0
10635	0.0
5422	0.0
11674	0.0
2742	0.0
6132	0.0
10751	0.0
6993	0.0
9945	0.0
1165	0.0
7891	0.0
2298	0.0
9160	0.0
4525	0.0
357	0.0
11187	0.0
5642	0.0
587	0.0
6573	0.0
912	0.0
3213	0.0
6938	0.0
6542	0.0
570	0.0
1191	0.0
690	0.0
6715	0.0
162	0.0
8211	0.0
7139	0.0
2691	0.0
693	0.0
12745	0.0
3919	0.0
2148	0.0
4494	0.0
5111	0.0
12064	0.0
7835	0.0
7382	0.0
2484	0.0
11289	0.0
9432	0.0
2362	0.0
3474	7.215202270957041e-05
510	0.0
2577	0.0
6797	0.0
12395	0.0
9885	0.0
9442	0.0
8243	0.0
11154	0.0
8244	0.0
9121	0.0
12448	0.0
8777	0.0
4863	0.0
5637	0.0
2582	0.0
10403	0.0
3051	0.0
5801	0.0
8929	0.0
3874	0.0
13950	0.0
1493	0.0
2899	0.0
5888	0.0
1204	0.0
11083	0.0
9917	0.0
8436	0.0
3398	0.0
4676	0.0
2372	0.0
10430	0.0
6234	0.0
5947	0.0
2646	0.0
6259	0.0
1816	0.0
10366	0.0
2611	0.0
2910	0.0
10883	0.0
11286	0.0
4131	0.0
4840	0.0
7656	0.0
9551	0.0
7955	0.0
8898	0.0
2654	0.0
5927	0.0
4270	0.0
4878	0.0
1284	0.0
13488	0.0
333	0.0
891	0.0
7252	0.0
11354	0.0
2636	0.0
7612	0.0
3797	0.0
3421	0.0
12439	0.0
151	0.0
13599	0.0
8192	0.0062162752498707025
12152	0.0
7732	0.0
7841	0.0
5997	0.0
8785	0.0
9678	0.0
909	0.0
11132	0.0
3643	0.0
5744	0.0
1960	0.0
5705	0.0
5365	0.0
2406	0.0
11601	0.0
3626	0.0
10744	0.0
0	0.0
6052	0.0
3380	0.0
229	0.0
12426	0.0
4558	0.0
3544	0.0
3060	0.0
6953	0.0
144	0.0
1510	0.0
525	0.0
3183	0.0
5299	0.0
3793	0.0
6840	0.0
11348	0.0
4095	0.0
10682	0.0
13176	0.0
4807	0.0
7862	0.0
641	0.0
211	0.0
12387	0.0
5910	0.0
3014	0.0
4106	0.0
4536	0.0
7434	0.0
7179	0.0
7222	0.0
773	0.0
3754	0.0
5539	0.0
4575	0.0
2267	0.0
3865	0.0
7337	0.0007927488055031982
4030	0.0
7780	0.0
6480	0.0
4667	0.0
6506	0.0
2777	0.0
10138	0.0
13075	0.0
3444	0.0
11688	0.0
910	0.0
12696	0.0
6813	0.0
2041	5.3740182340438683e-08
10352	0.0
1480	0.0
5805	5.3740182340438683e-08
8887	0.0
6863	0.0
4971	0.0
7308	0.0
2456	0.0
4502	0.0
12384	0.0
8131	0.0
5835	0.0
5788	0.0
5715	0.0
9108	0.0
4907	0.0
10244	0.0
275	0.0
10431	0.0
2765	0.0
1969	0.0
12178	0.0
5392	0.0
5437	0.0
2475	0.0
1106	0.0
1267	0.0
8136	0.0
781	0.0
12353	0.0
6640	0.0
363	0.0
684	0.0
6635	0.0
1609	0.0
1982	0.0
6350	0.0
12517	0.0
9912	0.0
710	0.0
5533	0.0
9568	0.0
6414	0.0
11484	0.0
1272	0.0
7348	0.0
3742	0.00020609288019221098
4475	0.0
10042	0.0
10507	0.0
8316	0.0
12602	0.0
11503	0.0
3829	0.0
5255	0.0
6357	0.0
584	0.0
10825	0.0
11845	0.0
10913	0.0
3667	0.0
13105	0.0
4719	0.0
4279	0.0
6055	0.0
3958	0.0
2724	0.0
2097	0.0
9482	0.0
2223	5.3740182340438683e-08
14031	0.0
11438	0.0
8460	0.0
13295	0.0
1755	0.0
4757	0.0
595	0.0
1610	0.0
7212	0.0
9901	0.0
9868	0.0
2008	0.0
12020	0.0
9386	0.0
10247	0.0
1350	0.0
12050	0.0
7378	0.0
7443	0.0
3023	0.0
7786	0.0
5679	0.0
1197	0.0
1958	0.0
10764	0.0
7063	0.0
10479	0.0
4668	0.0
3957	0.0
3696	0.0
5676	0.0
2886	0.0
301	0.0
8080	0.0
7455	0.0
1373	0.0
9722	0.0
11872	0.0
237	0.0
5364	0.0
1849	0.0
10474	0.0
12089	0.0
8358	0.0
4703	0.0
10808	0.0
4183	0.0
8738	0.0
4915	0.0
8921	0.00020883434857494473
9531	0.0
3802	0.0
10638	0.0
10358	0.0
4202	0.0
11980	0.0
13748	0.0
9362	0.0
4261	0.0
273	0.0
13984	0.0
9033	0.0
2732	0.0
