14072	254	1774
66	196	14073
14074	262	777
14075	122	214
14076	262	777
14077	60	669
14078	56	72
12447	96	14079
490	96	14080
11109	96	14081
14082	354	9859
14083	220	490
759	96	14084
2204	60	14085
14086	134	8567
5161	96	14087
120	96	14088
8698	420	14089
14090	120	14091
14092	34	266
11339	184	14093
14094	56	72
120	96	14095
14096	138	254
12525	118	14097
14098	266	14099
11780	312	14100
11081	326	14101
14102	122	1491
7631	18	14103
14104	56	72
14105	120	1222
14106	24	195
14107	36	8925
13335	342	14108
14109	56	72
14110	56	72
3510	158	14111
14112	58	9494
14113	56	72
14114	114	337
14115	186	1518
14116	108	1839
14117	96	11071
1	284	14118
12789	96	14119
14120	254	8181
14121	56	72
6721	96	14122
14123	56	72
14124	58	5381
14125	158	3098
4415	96	14126
14127	70	6611
120	96	14128
7479	344	14129
6827	60	14130
14131	220	490
14132	58	10696
1001	96	14133
9477	142	14134
14135	402	6399
11431	142	14136
14137	220	120
858	258	14138
10004	62	14139
14140	420	31
27	320	14141
3982	96	14142
14143	82	27
14144	118	4378
27	96	14145
266	174	14146
8387	96	14147
12416	18	14148
14149	56	72
14150	286	25
14151	96	5498
14152	24	195
11455	158	14153
14154	56	72
1866	70	14155
11540	432	14156
14157	182	724
14158	24	195
8058	266	14159
14160	66	205
14161	182	4709
14162	70	7134
14163	118	14164
14165	258	7203
2515	96	14166
1198	96	14167
14168	34	197
14169	188	14169
13227	266	14170
12737	96	14171
14172	122	9691
14173	220	9360
14174	136	5837
14175	36	9026
10741	96	14176
14177	100	768
1518	96	14178
5066	96	14179
459	96	14180
2515	96	14181
14182	34	337
14183	56	72
14184	56	72
14185	36	10906
14186	58	1508
14187	262	777
3592	96	14188
14189	36	3335
14190	220	326
14191	226	7258
14192	254	894
27	96	14193
14194	58	1963
11100	60	14195
4393	168	14196
12166	312	14197
14198	56	72
9731	292	14199
14200	56	72
14201	262	777
14202	96	9047
4997	18	14203
7	420	14204
14205	216	5966
214	102	14206
14207	56	72
14208	56	72
14209	56	72
14210	56	72
14211	462	5112
1219	320	14212
74	158	14213
14214	56	72
14215	42	57
4832	212	14216
14217	172	5650
14218	262	777
5794	60	14219
14220	36	7363
14221	120	2736
9450	216	14222
27	96	14223
14224	426	768
14225	24	195
107	54	14226
14227	56	72
14228	308	13390
14229	472	14229
13714	420	14230
14231	36	2805
4851	216	14232
14233	182	8072
14234	248	9895
14235	56	72
14236	186	27
14237	56	72
9136	60	14238
3392	96	14239
14240	136	5590
14241	340	1733
14242	60	669
876	96	14243
14244	34	197
2204	344	14245
14246	262	777
14247	112	3361
14248	16	8061
14249	252	14249
14250	56	72
14251	384	724
308	96	14252
96	96	14253
120	96	14254
1198	96	14255
14256	186	27
14257	56	72
14258	36	3297
14259	120	12425
12016	444	14260
14261	248	11252
14262	36	1841
197	174	14263
14264	118	5189
1482	432	14265
12902	270	14266
14267	262	777
214	96	14268
14269	154	88
14270	12	2609
14271	262	777
14272	112	1167
14273	262	777
14274	42	57
14275	16	11032
2752	404	14276
7634	60	14277
14278	4	10847
14279	24	195
14280	182	5816
14281	158	2953
14282	122	11802
14283	172	6718
14284	288	308
14285	402	12079
14286	172	11163
14287	24	195
14288	262	777
14289	56	72
14290	136	11100
14291	262	777
14292	402	5688
1000	148	14293
14294	182	2771
14295	56	72
14296	262	777
14297	220	1367
14298	326	4690
1647	246	14299
14300	82	214
14301	254	862
14302	34	266
6688	344	14303
14304	288	342
13636	342	14305
1	284	14306
11340	62	14307
120	96	14308
6995	432	14309
14310	58	457
14311	262	777
14312	254	112
14313	56	72
342	96	14314
14315	60	669
14316	36	12408
14317	136	8366
14318	56	72
4710	96	14319
8123	420	14320
14321	56	72
14322	56	72
14323	36	1436
1657	18	14324
14325	262	777
120	320	14326
14327	402	5688
14328	56	72
66	196	14329
14330	136	9307
14331	118	2324
337	174	14332
14333	462	7315
3779	422	14334
14335	220	214
14336	254	10406
14337	402	5135
14338	56	72
8391	206	14339
14340	66	11165
4250	270	14341
14342	60	5688
14343	66	6629
14344	262	777
14345	420	195
983	246	14346
12933	96	14347
12589	430	14348
266	174	14349
14350	120	12436
3771	96	14351
5077	60	14352
13473	420	14353
4236	96	14354
14355	56	72
166	96	14356
2926	66	14357
14277	402	14358
14359	326	5161
14360	56	72
5404	334	14361
2657	96	14362
14363	172	13634
2461	96	14364
4248	62	14365
120	96	14366
13769	430	14367
10032	246	14368
14369	288	1198
7396	96	14370
14371	172	7894
9011	66	14372
14373	66	6629
14374	462	5112
14375	56	72
14376	112	2793
12604	420	14377
1219	96	14378
14379	36	9843
14380	462	8083
14381	136	9309
14382	56	72
14383	96	12177
14384	402	12785
5607	14	14385
2706	62	14386
8321	66	14387
14388	308	9990
14389	254	472
12942	148	14390
14391	112	7411
14392	66	11165
14393	402	3366
14394	56	72
14395	136	807
14396	288	3161
1198	96	14397
14398	56	72
14399	56	72
14400	58	906
14401	262	777
14402	262	777
14403	56	72
14404	114	266
14405	112	6934
14406	170	12737
8815	14	14407
27	96	14408
14409	56	72
12746	96	14410
11544	66	14411
11830	254	14412
14413	122	326
14414	58	8362
14415	34	197
14416	404	2015
14417	254	14418
14419	254	6970
14420	248	7719
7978	18	14421
14422	462	6688
79	64	14423
14424	56	72
5992	96	14425
14426	262	777
14427	36	8969
14428	266	5673
7479	344	14429
14430	262	777
14431	24	31
14432	82	214
14433	118	3378
14434	262	777
14435	152	14436
14437	82	110
14438	56	72
13032	216	14439
14440	262	777
14441	56	72
4300	344	14442
14443	120	5509
14444	24	195
14445	402	9174
10212	254	14446
14447	66	13515
14448	220	1747
724	96	14449
14450	266	14170
14451	262	777
14452	262	777
14453	152	14436
1380	96	14454
14455	402	12157
14456	402	669
7691	118	14457
14458	392	9691
14459	56	72
10365	148	14460
120	96	14461
214	96	14462
14463	402	14358
14464	262	777
6841	432	14465
11540	96	14466
14467	354	8970
14211	430	14468
14469	56	72
14470	56	72
5590	100	14471
14472	262	777
14473	170	11169
14474	36	6545
14475	36	542
14476	262	777
2946	96	14477
14478	262	777
14479	56	72
1996	142	14480
14481	56	72
14482	402	4808
10778	102	14483
14484	402	2431
14485	56	72
11369	152	14486
12496	96	14487
14488	402	12157
14489	112	3273
1130	342	14490
14491	56	72
9778	14	14492
14493	56	72
14494	402	3523
14495	56	72
14496	112	6513
14497	262	777
14498	136	6227
5560	66	14499
14500	56	72
14501	262	777
14502	56	72
14503	24	195
8355	60	14504
10543	60	14505
8117	14	14506
14507	82	27
14508	136	8366
14509	262	777
14510	56	72
5890	180	14511
14512	56	72
14513	262	777
14514	462	5112
4248	148	14515
14516	56	72
14517	56	72
562	430	14518
14519	402	9537
14520	56	72
14521	58	5068
14522	254	6970
14523	266	14524
14525	56	72
14526	66	11165
10204	60	14527
5378	358	14528
14529	262	777
14530	262	777
14531	56	72
3555	238	14532
13320	148	14533
14534	56	72
14535	56	72
1144	96	14536
14537	262	777
10979	148	14538
724	96	14539
5822	14	14540
1198	96	14081
14110	182	7030
14077	24	31
14119	120	12425
14096	332	11754
308	320	14101
47	174	14092
14138	56	72
14101	122	12447
14125	72	88
2530	96	14138
14133	122	1001
14152	60	170
14155	142	1866
11795	258	14141
14137	248	4967
12496	96	14111
14096	184	7441
4591	394	14125
110	96	14138
14132	58	8599
14150	120	1222
7203	258	14165
11418	394	14125
14166	286	25
14185	36	7547
14052	100	14138
14079	220	308
14177	60	2185
14080	220	490
14092	34	47
14090	56	72
1471	222	14189
3956	258	14153
14133	56	72
14107	36	11637
14077	72	88
8485	342	14108
27	96	14105
14168	114	47
14178	220	1518
14158	82	27
14174	136	9924
14183	384	3759
14199	34	47
5507	308	14155
12478	292	14182
14215	188	14215
14084	42	57
12964	96	14095
14120	254	112
14112	58	6842
27	320	14165
3262	174	14096
14072	254	2692
4134	96	14165
14125	60	1005
14172	220	308
27	96	14213
14158	212	7140
14193	56	72
2243	60	14219
14142	286	25
14209	188	14209
12166	344	14197
14194	58	9215
490	96	14131
14147	56	72
14229	118	2344
14158	60	1005
14210	58	6619
14165	42	57
308	96	14079
3522	366	14213
14197	182	724
14111	122	12496
14092	114	266
14130	112	555
14174	118	718
3965	96	14153
1198	96	14088
4791	100	14213
1198	96	14171
5975	258	14166
8906	364	14150
490	320	14083
14229	118	5189
14179	340	12937
5891	430	14208
14162	70	6669
14175	36	1817
11811	182	14138
5112	344	14211
14263	34	197
14103	136	7631
14239	120	2658
14115	142	1711
1127	96	14209
9731	44	14199
10615	18	14203
14163	118	5189
2657	96	14150
14260	392	12016
3249	96	14169
14197	56	72
14155	186	27
490	320	14080
14079	122	12447
14165	120	1222
14199	34	266
14227	58	7657
14072	36	4024
14228	308	11982
14283	420	7038
14269	390	10027
14117	96	12797
1	284	14284
14107	36	1899
14082	354	7399
14275	16	10994
14267	112	352
14253	220	96
14223	258	2178
14132	58	10998
14102	56	72
6396	44	14146
14106	82	27
14122	122	6721
4033	60	14219
14092	114	47
6647	342	14108
14283	6	7038
14262	36	7547
8207	212	14206
14194	58	2567
2178	258	14223
14237	120	1222
9364	102	14248
14249	310	14249
14152	82	27
14229	136	5104
14072	254	631
14152	18	757
14223	258	4560
14107	254	3447
13916	100	14268
14137	56	72
6410	54	14226
14148	118	1293
14309	96	10524
14199	34	337
14294	336	1261
14188	288	3592
6721	432	14122
326	96	14119
14138	258	858
2890	100	14308
326	96	14190
14153	120	1222
5831	342	14108
5669	174	14096
14224	66	13250
4756	158	14075
14131	122	10876
14239	286	25
1219	96	14212
14119	392	12789
2464	170	14169
14256	142	11318
4390	254	14072
14096	138	1266
14279	60	4912
14082	336	2657
14171	56	72
14166	120	2658
14169	120	2658
12972	254	14107
14002	122	14117
14233	66	11165
14161	66	205
27	320	14150
14202	56	72
8352	172	14315
1038	96	14198
6	6	14140
14155	86	13591
11000	96	14255
14215	120	1222
14142	120	2658
14143	24	195
14225	82	27
14242	0	1
14194	56	72
14086	56	72
3495	100	14255
14309	120	12436
14281	60	1977
724	96	14308
14239	264	3504
14153	42	57
14125	56	72
14223	356	5385
2207	430	14086
14182	114	337
14072	36	9494
14217	172	748
14302	34	337
8712	158	14261
14195	402	5838
14141	96	13136
14242	82	214
14166	42	57
14183	66	8390
14119	220	326
14138	258	12651
8493	430	14232
14199	114	47
14125	82	27
13895	96	14268
9116	96	14215
14115	142	222
14086	134	1077
1198	96	14261
8567	208	14086
14287	366	13465
14092	114	337
14087	56	72
14115	142	1293
1	284	14255
14294	182	488
14153	56	72
1038	432	14198
14244	114	266
14332	34	337
2368	100	14128
14279	100	732
14108	30	120
6417	66	14272
120	96	14171
14307	432	5128
14326	450	6126
4666	100	14255
14252	96	13016
14274	120	212
3207	120	14091
14084	188	14084
12478	44	14182
14244	34	266
14349	34	266
14131	96	12241
3040	246	14138
14115	142	1345
14306	56	72
27	96	14215
14244	34	337
1238	96	14118
14075	288	214
14229	118	2528
14310	58	3084
27	96	14084
6126	96	14326
10658	96	14221
14176	56	72
14274	286	25
14077	100	10189
14158	158	12853
3435	306	14155
14168	114	197
14315	0	1
1956	292	14146
14111	288	120
14122	220	6721
11254	96	14090
14215	376	9116
3101	394	14158
14199	114	266
11875	312	14104
14140	420	6906
1198	96	14249
14275	16	2792
14331	56	72
8070	344	14245
14120	254	6722
11981	96	14259
14244	114	197
14147	288	11528
14302	114	197
9303	60	14285
9193	96	14268
13408	96	14261
14148	118	210
14199	114	337
1	284	14111
13760	96	14234
6382	158	14269
14146	114	197
14351	120	5509
14174	136	5590
14114	34	337
6293	62	14365
14142	42	57
14242	24	195
3645	168	14196
14168	114	337
1491	96	14102
14312	254	8181
14132	58	8628
14169	56	72
11910	60	14219
14364	56	72
14122	56	72
14361	56	72
3174	344	14299
14115	142	1164
7722	212	14216
14276	404	2752
14075	220	214
6458	212	14206
308	320	14172
14209	120	1222
2854	10	14304
14084	120	2658
14178	56	72
10675	394	14158
14226	162	4966
266	174	14244
14105	56	72
3717	142	14136
14208	66	205
14392	56	72
14120	36	11873
13486	148	14365
308	320	14079
34	222	14073
289	142	14127
13591	180	14155
14209	42	57
4175	66	14357
12174	432	14265
11455	100	14153
14082	182	4051
14133	220	1001
14262	36	11462
14107	36	111
14087	120	6097
14125	24	195
1664	432	14265
1198	96	14111
11227	158	14188
14213	120	1222
9949	198	14077
14380	56	72
2669	60	14219
14279	82	27
14281	82	27
14373	182	1947
1261	96	14141
337	174	14114
14146	114	266
9742	96	14346
14292	24	195
13094	118	14164
14155	56	72
5056	146	14177
12016	96	14260
9499	96	14153
12464	182	14138
14177	82	326
4073	238	14155
14299	120	2736
14072	36	2669
14168	34	266
11372	100	14088
10656	60	14219
14179	288	5066
14155	198	13591
14413	220	326
14408	188	14408
14309	288	6995
14254	248	46
11227	100	14188
1	284	14198
14082	56	72
13604	96	14364
14247	112	8350
1198	96	14410
8913	212	14248
12707	258	14397
308	320	14282
14119	56	72
724	96	14249
14118	120	2736
14197	384	120
13591	150	14155
14092	34	337
4920	430	14086
14269	390	6509
14432	24	195
7238	60	14277
14152	366	2476
14381	136	6511
14320	262	777
14275	16	6975
6196	96	14383
14199	114	197
7078	100	14118
12861	38	14203
14112	58	2046
12797	122	14117
14359	326	1605
14127	36	4960
11528	432	14147
12473	120	14091
1198	320	14369
14105	188	14105
14120	36	1025
14351	56	72
14256	198	10672
14229	136	9763
14137	120	5509
1602	54	14226
10170	246	14243
2570	254	14220
14132	58	12490
2414	96	14213
14404	34	266
6196	96	14167
47	174	14146
14269	432	8787
14171	122	12737
3982	258	14223
2464	170	14202
14155	282	3435
14359	326	110
12238	444	14284
308	96	14299
14185	36	11462
458	170	14075
4136	342	14108
14186	56	72
10513	96	14378
5404	334	14268
14314	56	72
308	96	14172
326	96	14259
27	96	14126
14179	56	72
10114	14	14385
14281	82	490
14117	220	120
14161	66	6629
14389	56	72
27	320	14239
14349	114	197
14262	36	2058
12964	96	14254
6789	158	14171
14158	56	72
3504	392	14239
5994	420	14230
14427	36	8942
308	96	14101
14448	122	1747
5630	100	14397
14431	60	669
458	170	14080
14191	56	72
14146	34	197
3592	432	14188
14161	384	2794
14177	60	124
14125	100	9647
490	96	14221
14378	220	1219
14279	60	2213
5402	96	14215
14215	286	25
14316	36	244
3779	422	14270
14397	258	12707
14400	58	11069
12447	96	14101
10846	4	14278
14123	462	13840
14307	390	2998
120	96	14369
14086	66	82
1	284	14223
14082	354	3371
5378	358	14226
14072	254	12031
14186	58	6545
14286	172	6883
6109	14	14385
5112	60	14390
120	96	14167
197	174	14415
14138	120	212
1590	270	14266
14331	118	82
4851	64	14197
14431	82	214
3152	96	14126
14304	96	12224
14349	34	197
863	60	14292
14110	66	1801
14077	82	27
14283	6	12035
14408	42	57
14153	376	9499
14206	262	777
3161	96	14396
9360	96	14173
14077	0	1
11488	158	14261
14215	56	72
14188	56	72
14217	172	3890
14380	462	8864
14251	182	724
3435	180	14155
14190	122	326
14447	66	6629
3510	100	14111
14147	96	3186
475	158	14138
12151	392	14178
14229	118	7770
14230	6	5019
14362	96	7533
14356	56	72
417	222	14164
14275	16	8975
12091	62	14139
14226	54	107
8538	100	14138
8018	196	14074
226	230	14269
14422	462	8647
1	284	14150
1	284	14138
13293	202	14139
120	96	14443
1	284	14215
120	96	14420
14301	254	13855
14369	220	120
120	96	14234
14302	114	266
882	312	14104
27	320	14166
3039	96	14235
14141	258	12340
14125	60	371
337	174	14199
14089	262	777
3320	222	14136
14120	254	5045
14217	172	4532
14300	60	669
214	96	14075
3738	158	14202
315	162	14226
14086	134	9857
197	174	14168
14132	56	72
14090	288	1367
14284	392	12238
6057	96	14237
14264	472	14264
13509	254	14301
14185	36	4955
14355	308	2493
490	96	14083
102	54	14226
14252	122	308
14342	82	166
10571	364	14255
5128	96	14299
14400	56	72
27	96	14202
14230	6	7553
14096	332	1628
3504	376	14239
14183	66	6629
11442	270	14266
5230	142	14480
14164	360	6039
1198	96	14260
10843	208	14086
14300	24	195
14161	56	72
14314	120	2736
14247	112	1186
14228	56	72
14150	42	57
14153	258	3956
14155	410	8432
8047	96	14361
14110	66	11165
14351	288	3771
14354	56	72
14150	264	14150
11	96	14491
14382	308	4835
120	96	14255
120	96	14410
14188	120	6097
11686	96	14462
1199	164	14490
5397	142	14136
485	358	14226
14362	96	13709
14146	34	266
1187	60	14238
14177	12	3502
2417	96	14368
14105	42	57
4560	96	14408
14124	56	72
12936	96	14265
14249	336	11000
10207	158	14448
3771	432	14351
14179	340	2697
14126	56	72
14395	136	10953
14408	120	1222
1198	320	14117
14173	56	72
14158	72	88
14315	82	214
10716	98	14300
14248	16	9800
459	96	14274
14467	354	8050
3186	182	14147
14433	472	14433
14263	114	197
308	96	14241
14274	258	8800
14253	122	96
14388	56	72
4256	96	14350
1747	96	14448
7966	100	14350
14226	54	1602
14315	24	195
10524	182	14309
14242	18	1528
10010	120	14091
3691	16	14315
14342	100	12768
2657	96	14215
14153	188	14153
14300	12	5017
14444	136	8366
9676	366	14255
1198	96	14383
6684	14	14385
13591	416	14155
14118	288	1238
326	96	14413
14359	326	27
14422	462	9775
27	320	14274
14161	384	724
14226	54	102
1747	96	14306
14220	36	2189
14302	34	197
14247	112	5677
14349	184	395
14141	42	57
5530	66	14372
120	96	14081
10576	444	14243
14471	120	2736
14120	36	1142
2015	404	14416
1686	136	14224
14491	120	6097
14101	220	308
7958	100	14261
14141	258	11795
14226	54	6410
14490	30	8396
166	96	14471
14178	96	12151
14174	136	12748
14197	66	14499
14177	24	195
47	174	14168
14108	30	9429
14217	172	1395
8355	60	14277
120	96	14117
85	70	14155
1231	96	14176
14169	42	57
14160	384	3953
11019	142	14136
14400	58	9510
2527	118	14457
14177	18	10557
6294	148	14380
14158	60	669
4591	394	14158
14286	172	9135
14102	450	1491
14239	42	57
14283	172	5901
11487	212	14248
14072	254	3447
14301	254	10279
14419	254	3034
2931	158	14366
9047	182	14202
14491	288	11
14220	254	631
9691	444	14458
14086	430	3917
14194	58	12490
14141	286	25
876	96	14454
13354	96	14128
14156	288	11540
12789	444	14119
592	96	14354
4631	238	14155
14275	16	8015
14208	66	6629
14281	24	195
9563	420	14320
14183	66	205
7035	142	14136
12241	392	14131
686	96	14105
12033	14	14407
1367	96	14297
14324	136	6012
11759	394	14158
14478	220	326
214	96	14361
14160	66	6629
14378	392	10513
110	96	14237
14155	142	13327
14314	288	308
11528	96	14147
14156	56	72
14203	28	12861
14159	402	5688
13933	118	14164
3837	196	14136
14367	56	72
8819	118	14164
14251	56	72
14437	24	195
14144	118	5189
14362	96	13445
14293	262	777
14281	100	488
27	320	14142
14231	254	13608
14306	288	1747
14419	36	4618
8985	420	14230
14294	66	6629
2039	96	14213
10847	4	14329
14525	266	14525
14150	56	72
27	96	14502
10365	62	14460
14264	118	9395
14147	120	5509
10367	208	14157
1	284	14356
14179	120	6097
14447	182	1947
14221	56	72
1929	142	14136
817	18	1124
4925	166	8830
2384	192	254
3029	138	3166
7795	94	103
3837	196	9744
9790	122	4589
807	412	27
3480	10	27
2607	10	455
1452	186	27
2099	16	8193
1	284	3746
14052	24	195
3036	60	2431
511	36	3806
1286	70	9842
2241	28	2432
1617	74	8249
6197	232	456
1878	24	195
4018	88	27
2897	94	10392
9356	232	625
3128	76	663
8140	12	19
653	150	227
6861	14	2367
6688	82	120
11099	84	3596
6486	292	8669
7070	180	2620
5065	136	5426
2318	12	10520
12581	56	72
9857	10	27
6402	78	315
343	28	396
7321	312	2667
10341	18	1135
562	134	1893
6528	10	1038
3692	60	669
12913	114	337
8184	472	8700
6300	32	7144
7053	314	1298
2440	36	6227
3703	218	1422
6490	18	844
11144	336	2657
11540	48	2418
6465	258	10548
1470	14	6500
3176	296	8260
7410	258	132
2351	60	1391
1103	18	4895
8900	32	930
6497	90	9576
1899	234	2178
3348	94	5768
2457	144	3973
4760	176	7848
197	174	12205
160	14	153
7889	170	9360
5078	82	27
337	174	3508
7325	126	5589
6398	442	25
631	36	4573
7559	60	669
1774	36	11283
8032	232	1030
1323	38	652
3135	32	382
10163	174	4831
10540	62	6131
1735	10	39
1686	136	1302
10269	82	27
74	18	2166
9456	18	9453
3870	20	25
11377	98	7359
9440	50	6262
9257	18	4873
4744	18	368
2753	10	27
3349	196	8808
10383	258	8445
3586	82	27
2436	370	12471
145	94	351
4507	10	768
3327	0	745
3124	324	9552
2030	12	2452
5987	142	5731
936	0	1
4882	218	3264
7996	28	1887
4847	38	2375
5765	334	120
1771	10	191
5725	10	521
5961	268	1995
9875	178	315
6690	180	3665
2992	10	3921
3037	232	1601
7124	82	214
607	26	12435
2	60	193
1377	122	1261
1232	344	2426
1833	50	783
23	136	123
110	96	9462
9302	158	488
2131	10	2221
112	36	3633
6085	84	5179
4670	298	7774
5469	18	3434
6310	218	5708
11485	42	57
166	294	7861
472	36	9615
11851	24	195
10813	60	193
3165	310	3165
12878	254	862
1209	86	703
8254	384	488
2395	212	541
10995	258	1149
9103	32	930
4799	60	1437
331	194	88
4160	56	72
1628	174	4649
758	86	9519
12733	60	11960
3521	94	785
5850	306	3811
1077	208	8638
2948	60	4815
1228	194	88
1891	78	526
127	194	88
8756	142	1453
12538	60	669
7593	60	124
1	284	4607
3619	32	8266
10510	34	197
5245	18	10413
5114	10	1367
1916	250	2683
993	10	2133
5101	278	11481
7843	78	2010
9775	82	120
5202	108	3334
11141	100	11415
2463	94	282
1429	86	123
4427	180	496
1515	136	9502
11594	84	4000
12646	172	7618
6079	38	270
5739	136	5867
9875	158	963
9530	164	88
4721	58	12280
6882	102	541
1031	232	67
6821	32	539
4550	198	1019
4044	278	12910
9131	78	348
3354	94	11067
2856	232	175
4781	238	8585
7588	10	163
2679	28	6029
1011	94	833
5857	94	9521
846	102	4986
7012	82	2221
7622	158	392
5035	172	7570
5764	10	3039
7375	18	1827
7643	28	3492
5404	334	9364
3869	366	1426
4319	94	1798
2570	254	8143
3895	32	1679
5708	426	27
11634	194	88
110	258	4560
6240	116	411
3700	82	27
7926	94	1343
4996	144	268
8877	60	170
3578	12	6461
6047	10	5751
4557	88	120
967	134	8421
5119	0	1
511	36	486
7314	180	6989
4295	18	6551
7127	110	2567
6070	28	2091
5184	158	3088
10824	60	371
6683	144	424
6930	18	2902
266	174	12098
1292	106	10493
8347	12	1186
10384	14	1526
12431	36	514
1883	18	49
11353	128	7423
79	64	12199
5582	62	3768
5530	334	27
7300	12	1630
747	36	3428
3996	170	794
11528	294	226
5157	180	161
6928	60	6800
2518	204	25
8656	108	2594
1056	36	7763
556	112	9060
4756	12	9405
8830	106	1144
8605	46	88
4141	308	4835
9615	18	1407
11701	60	669
12912	60	146
9054	16	5484
8096	180	4254
861	136	1017
8164	156	1223
2521	0	1
10319	34	266
2105	84	9034
431	58	4693
12172	18	1762
5014	86	1462
12911	56	72
797	136	3246
498	84	2215
65	180	2727
7687	120	2658
8440	90	3631
4149	84	9029
2801	84	5904
7328	206	13049
7394	84	1023
313	18	148
3171	28	697
11590	4	323
785	134	4656
1205	12	478
7535	0	1
4364	10	1238
4315	18	1902
160	20	25
3264	98	8857
66	182	4572
1783	10	982
1643	174	12493
4659	258	11725
180	108	4702
10273	336	11109
4747	238	1039
385	94	3318
2632	18	4169
12719	242	25
2477	188	2477
9088	60	669
801	180	2854
3168	48	3227
3241	94	904
9467	242	3563
3547	54	2856
8137	58	10476
4888	42	57
2380	94	899
1238	244	25
13990	12	7885
790	28	2005
13480	364	2717
10317	60	13235
2789	18	5542
2345	134	9720
11430	12	2544
6657	180	5146
2752	452	1315
5225	54	1876
6820	230	6707
3238	18	4754
3464	136	3281
1073	290	25
2405	50	2271
3554	136	7375
3721	172	8486
6611	280	11994
8452	10	1065
1235	12	2063
375	102	207
3106	336	2590
5007	212	159
7178	10	308
3487	18	2885
9268	178	1121
11141	180	346
474	38	359
943	198	8331
4662	304	7316
9053	76	1192
12652	254	11437
2730	278	9300
6730	84	8292
2294	136	7181
8575	88	27
3036	12	3239
2832	12	966
722	240	2061
12561	44	9627
2755	78	83
10684	14	10857
8827	180	8262
157	386	25
116	94	610
4740	56	72
1203	10	455
5904	84	5903
12779	278	893
8440	116	411
4572	42	57
5929	58	2970
1707	174	9686
1827	28	3472
4629	336	752
4399	24	195
9053	76	1325
2294	136	8952
12966	120	1222
2268	10	120
5882	18	2272
1736	212	3047
55	170	1646
4721	58	7084
2493	198	13300
1008	26	9770
2025	158	1261
6388	10	11049
5644	164	88
308	202	887
1018	136	1427
7750	100	4415
12753	56	72
2649	224	9685
7618	84	10765
665	134	3515
5842	94	11086
1	284	2077
4737	136	6091
623	224	4557
4465	0	1
1730	2	5484
2414	96	9708
6361	18	2227
6304	212	4833
5538	14	14506
8407	348	623
995	24	195
5644	146	5466
1565	54	947
5080	56	72
102	68	10440
10211	286	25
6782	362	8421
1927	244	25
343	136	990
10672	100	12560
8559	10	616
11293	192	3720
4990	60	4815
4503	198	954
6950	158	1426
4471	12	2784
33	108	819
6899	60	992
5418	14	17
2708	18	3752
79	64	6760
1817	56	72
3723	120	2736
8054	304	1051
3855	18	2807
67	68	4211
6155	216	9787
10641	12	5595
4726	10	177
454	10	1001
349	232	4385
7998	50	305
7071	114	266
1156	14	7876
3025	378	10031
11662	182	1947
9521	84	9507
13424	366	2400
12244	196	2274
12199	56	72
7616	94	5821
11235	82	1198
889	132	5654
34	222	2274
27	96	9834
8395	174	5489
703	12	2175
102	54	8982
4535	94	3820
12000	252	12000
5671	10	3592
7259	262	777
6647	16	12539
1473	28	3912
28	132	949
472	36	7576
11312	24	195
1831	232	2328
4802	256	424
7917	60	104
2573	164	8166
1636	50	904
3665	324	1430
5181	94	1709
3056	128	1187
5203	50	512
876	96	13743
439	60	669
6817	84	4570
2881	134	6047
1280	38	1924
1198	96	3929
157	24	195
5262	322	2455
790	28	1753
1782	12	1557
9363	4	11352
9101	14	5731
1773	442	25
7304	18	5013
1080	250	737
2062	430	2462
13318	192	254
8687	18	6455
12970	34	266
5354	288	2276
5626	132	10669
234	84	3494
888	76	225
7302	60	992
1623	184	2192
3799	60	124
6178	376	10786
10451	78	1091
5221	298	5538
9742	390	2998
10321	246	110
1182	10	1144
3118	94	2322
40	28	5094
6524	198	4024
1718	208	2207
4981	158	488
5028	252	5028
1740	296	2657
13554	34	197
744	0	1
4335	60	992
2587	10	6035
1473	136	8753
1019	94	1068
11798	100	3987
900	10	166
653	84	4149
2608	88	166
3188	94	3180
10697	10	27
2981	42	57
34	26	6339
854	74	10618
5942	10	1315
1186	200	10758
12005	12	2366
11786	146	4947
11809	34	197
6183	18	652
11698	158	2580
1037	10	987
813	36	2410
5001	0	1
5942	10	768
10895	180	721
222	70	5199
9699	14	153
8518	18	506
2509	84	7878
1237	116	411
3194	232	4724
594	50	2595
2248	18	2394
3940	60	2143
1734	134	9295
10060	196	2443
5375	94	3629
2133	454	191
2106	84	5661
6462	100	1541
1307	34	197
8941	288	27
9573	126	1688
12428	24	31
21	60	669
214	96	9364
6077	84	12029
1491	202	1367
8640	32	1679
3000	78	883
8859	86	1464
1812	164	1966
3923	212	378
47	174	7628
9977	196	5593
818	108	4801
3327	12	1475
724	368	6758
10468	232	3193
27	96	6774
8354	142	1345
544	26	2539
8118	50	11542
9451	60	669
12184	234	686
8630	14	1711
1309	86	10981
4487	28	1015
9475	0	1
4515	358	178
1092	68	4955
7215	32	402
10460	350	4606
2356	126	6000
4688	256	1085
2726	336	2657
8801	100	4690
1124	136	2800
1179	54	2072
5589	94	8278
14437	60	1005
7121	232	6197
12161	82	27
197	174	10848
3152	96	720
27	320	7171
943	142	10343
9327	146	4569
3194	54	349
3279	164	2542
13281	158	3098
2757	0	1
6282	60	992
4905	14	435
10412	416	6279
3176	296	377
208	208	886
8995	94	2230
12034	134	1638
3787	146	10145
13628	12	3729
6702	180	3094
113	84	5921
1949	180	5067
11772	466	3563
8853	212	3253
5654	4	5171
27	96	5583
6503	60	146
3486	198	4881
1760	106	490
5258	10	1927
7590	250	5748
8990	0	1
8610	28	8757
9661	12	6553
1931	94	5074
2497	12	2498
5245	4	11828
9388	412	120
964	168	7209
9587	18	4017
6748	10	3592
10140	98	6393
7228	36	7065
3091	12	3613
6170	28	6172
83	68	7306
3107	0	1
7053	38	92
8027	196	718
1264	28	11183
9176	208	12472
5059	58	9345
3312	84	1023
10905	16	1941
1885	94	12855
7796	90	8532
11735	114	47
10645	10	982
5312	94	5697
8596	48	3227
3372	94	1305
488	446	5877
6372	28	3764
4192	84	5949
4684	142	1293
963	96	7693
5761	84	6745
235	96	7898
7522	94	6281
1891	84	2387
11971	114	197
476	0	1
7034	0	1
797	28	3827
983	20	25
5844	18	1271
5823	60	669
4263	32	382
639	406	3351
7421	12	6011
7646	158	2771
389	60	124
1078	258	11233
6264	10	724
1265	10	616
10159	12	3664
13023	308	9968
4775	310	4775
134	12	7111
6094	100	6893
11515	24	195
615	10	2733
9612	60	4348
5668	18	1146
6998	18	7901
10305	58	9437
6861	394	11993
10942	196	5699
11529	136	801
11734	114	337
1124	28	8090
6169	286	25
54	344	11009
3219	232	175
12390	122	308
10100	100	2149
9639	82	27
7170	60	371
618	10	1231
456	54	1440
872	136	3267
1523	54	102
2231	134	7508
8455	10	166
166	244	25
6934	14	10246
8667	306	1209
2500	10	985
1761	18	11192
2523	0	1
8359	14	5248
1727	78	348
1549	94	2098
5117	342	8432
903	94	2601
112	36	3757
4239	60	992
702	70	9404
1152	322	6702
8465	32	382
11835	12	1186
6683	56	72
1980	258	3753
1996	142	98
13877	182	1426
11668	198	5145
6536	114	197
4685	38	7469
4862	10	110
1819	94	10960
5050	176	1779
12638	6	12646
4678	318	973
678	4	4447
10518	36	8179
1749	28	10438
8781	158	724
270	28	6739
3451	28	791
791	374	12325
8341	196	5189
1726	106	8261
7878	100	4009
1643	174	9230
4335	344	1965
8575	126	373
3177	102	11386
2395	18	7557
9431	16	3902
1836	32	539
2828	196	7114
7523	164	88
7134	10	1491
4050	14	646
3039	294	3680
4471	12	3971
1779	438	5951
5874	302	2282
337	174	12726
6700	214	554
8670	56	72
8406	332	11754
1752	18	2902
6658	32	672
9933	298	8843
6193	94	626
3370	84	2334
10497	258	13576
2098	158	488
4508	10	1491
9952	172	6430
1726	106	6415
9507	84	5925
9157	44	12039
343	28	6407
1772	82	2461
1928	50	880
5502	38	844
1635	196	4287
10205	128	2766
13007	98	4081
141	130	231
8671	4	552
5240	114	197
4001	94	7450
9562	270	2519
7933	180	7496
4391	94	3327
1148	10	876
5182	8	3875
8323	60	726
4739	84	9829
12190	56	72
20	16	30
10134	14	825
14241	120	2736
14010	114	47
445	60	1977
6014	378	13886
3527	366	1426
3320	352	317
2464	170	12958
11265	58	5122
5088	250	7767
10713	120	1222
7486	20	25
4298	132	1912
79	64	12142
3625	158	488
6611	116	411
178	232	3547
3470	94	2439
3404	232	1652
13000	82	490
27	96	8525
4145	60	124
1476	10	27
1172	18	1415
337	174	12423
1999	18	2166
1326	196	3378
182	12	1358
10820	12	3918
5202	108	3590
77	326	1541
11430	24	195
2064	86	969
1326	98	9660
4294	88	27
12968	254	2823
7643	28	3121
6445	14	5731
9474	388	2990
337	174	13272
2019	158	5583
8590	78	456
6849	410	88
11199	136	6512
4572	96	6046
5573	38	11608
12874	0	1
3058	50	2100
8616	360	564
9740	60	3800
572	28	5182
7083	84	585
3320	26	8221
7105	196	4767
7332	168	9342
1393	232	175
12195	388	2990
5233	94	4476
3990	14	646
449	136	9098
655	28	986
9098	12	5126
4960	4	5457
1537	54	518
10812	60	1437
2233	14	435
1541	96	10791
7969	108	6866
4342	22	1518
11889	188	11889
6862	18	3171
1749	136	5211
5891	66	12440
13557	286	25
10337	12	2321
12165	194	88
6020	12	11893
3859	232	1393
9005	158	2771
5245	4	11572
1440	110	2287
34	222	4767
1961	94	9017
2607	10	280
2683	296	6447
4098	28	4740
4842	336	752
2045	354	7363
110	96	11912
2676	116	411
10485	34	266
2043	60	669
4755	24	31
1119	18	1762
5228	60	170
343	108	4747
1630	32	539
20	16	4108
621	26	7234
960	136	3577
7588	10	455
10148	58	4722
152	10	480
279	0	1
2590	96	13047
970	84	2065
7837	10	191
13772	96	12059
7834	84	7593
8032	232	524
926	202	2034
12112	382	3935
6874	120	212
5951	180	4190
12860	326	308
12877	314	6177
2885	28	3460
4777	60	5135
226	230	3607
503	18	8803
1371	94	1824
3235	186	27
12352	126	12924
10377	456	13333
2898	108	4854
10878	114	197
5191	318	4286
47	174	7464
6216	94	1788
8248	36	3694
5640	38	270
1998	100	9539
13052	380	1747
2258	98	7881
11106	158	488
3441	108	1944
120	70	8544
12929	34	47
47	174	4152
137	176	10381
2780	124	10055
1851	134	9591
3313	278	12382
3586	158	8356
3019	42	57
1546	56	72
6716	18	7973
4294	10	27
8607	60	9174
6623	18	7368
7017	18	9982
763	70	5649
6149	180	638
2885	28	2044
12677	34	337
6281	24	195
4803	174	9816
6654	84	1790
13146	336	3392
6477	280	5142
1210	100	7735
12184	60	2143
7405	82	455
13527	18	6907
6155	216	2278
1023	24	195
1145	84	6664
542	18	3559
6957	152	9899
280	48	1717
11390	4	3022
6300	208	665
7070	180	3374
2712	208	7793
67	54	883
6046	458	5966
8182	18	829
1640	32	1679
5662	256	424
890	180	6427
3076	36	216
6524	198	6942
11233	96	7284
4979	180	5483
3455	410	88
10639	232	1091
5831	16	3318
2466	84	4745
894	36	11467
6205	104	4934
11829	36	6283
83	68	1722
3514	100	9708
609	106	3921
1286	70	2700
2261	14	5731
4392	18	531
3361	322	185
1549	180	5014
9649	322	4492
1607	180	8090
4645	342	8404
12518	56	72
1156	10	11
14010	34	266
3319	54	2900
7106	86	387
11082	60	4815
1103	180	1141
13243	120	5140
1162	84	8687
2856	54	1877
9450	216	13794
4033	94	7197
2076	128	7750
1504	10	177
3832	28	147
12111	14	98
388	14	825
1096	94	282
12228	378	8718
12547	120	2658
5349	24	195
5117	16	2269
8313	48	3108
7427	164	10056
280	96	12922
5460	196	4388
13596	440	3563
4726	10	214
7682	94	1999
4090	50	8765
2551	94	2024
6124	86	8735
876	160	4599
11507	10	120
6087	314	1298
13953	216	8321
201	28	9995
1504	10	2221
3383	112	5037
1081	356	2789
4346	322	6712
1439	60	2143
2206	134	5174
3493	180	7095
2686	160	6226
3803	78	2000
3587	136	1137
1385	94	10323
5660	146	127
3542	84	864
5204	18	6763
1997	24	195
8314	144	1624
3322	86	12832
4980	68	10451
10988	14	1164
700	86	6631
7518	94	3977
8090	86	2455
11924	114	47
1198	96	12418
6870	136	10940
1312	16	8860
13198	88	308
4178	136	6484
10718	198	4945
5378	84	3127
11768	98	12030
5917	10	166
7559	18	440
7328	60	669
5015	10	96
10156	116	411
3171	28	352
5284	18	5790
10962	114	337
3050	28	2866
4346	32	539
64	50	9153
1592	108	8868
4819	20	25
154	84	3070
4136	16	1459
5659	116	411
337	174	7864
9145	104	7874
1140	48	13268
870	48	1597
4704	14	2364
7970	60	2213
2701	24	195
3899	114	197
5182	14	2373
785	84	9218
1504	10	308
10321	14	153
10923	34	47
803	14	222
2007	78	6923
8496	348	623
9528	306	2340
323	18	1568
4508	10	1001
12484	180	9621
11618	24	195
3621	108	2862
5432	56	72
6123	84	4529
752	96	3751
2447	136	4973
11057	28	2035
5806	28	1062
1519	208	2454
7285	32	382
1343	18	9094
8614	108	594
10120	336	206
1163	14	1711
8567	146	12231
9787	46	88
141	130	8661
5367	76	6677
4398	14	435
3271	238	5114
7100	404	4988
1126	296	2946
6684	14	7180
1346	364	12122
3559	136	11228
1749	28	4769
10468	54	83
3688	32	2728
5985	24	195
2454	134	9700
5898	180	1071
4973	2	4528
6748	10	1974
4529	60	146
4439	38	4487
2320	18	3464
12039	34	197
5726	408	6777
11833	136	4799
797	28	9277
4749	14	4600
4746	94	553
763	70	4089
2546	98	8106
1056	36	7522
8578	164	88
666	54	3363
11071	196	718
4415	248	13816
1056	36	2433
2221	160	3128
9714	60	669
4979	158	488
6402	178	348
7947	94	466
6321	84	5697
2716	26	3359
2613	24	31
9524	82	110
897	18	2996
4137	94	8135
7174	10	11
11266	14	1526
12023	158	1033
3920	32	1679
2227	28	8004
10622	60	6800
6266	12	147
1987	94	2410
5513	104	7802
11563	106	1144
1738	256	1707
855	256	1643
1335	194	1731
1509	254	2202
6124	198	9196
5482	60	170
3372	180	7874
4810	232	83
6312	354	10204
1178	110	6317
2489	94	127
5337	10	1518
11834	376	9280
5086	164	353
1439	84	7963
69	6	12646
7739	340	1733
3539	130	3538
11757	82	120
27	96	10930
154	94	6544
5669	174	4649
3320	352	6733
8226	60	669
1130	16	2869
6958	56	72
2900	54	4367
1141	246	1426
4822	10	1518
5	56	72
10040	96	1261
4760	32	1679
11325	4	12057
5767	196	1951
5449	8	2988
2283	18	531
9411	32	930
10868	60	124
7116	14	4858
27	96	11834
2526	136	4399
1218	10	177
8698	436	4300
1143	106	120
3105	150	4139
2115	10	3039
13010	188	13010
4435	94	3211
11273	338	9875
12030	18	180
12814	62	120
4801	50	2641
1008	26	3168
666	232	5207
621	222	2324
4056	176	3600
589	438	7388
1021	10	1974
9277	10	163
4052	166	1726
12661	212	6505
3817	372	411
6789	0	745
2548	10	2133
10153	142	1286
2692	36	5621
6763	136	3928
1874	180	7661
3373	14	4418
1559	198	3345
7911	12	5455
4809	10	1238
526	110	4113
6741	58	512
1403	60	669
3713	304	1788
7184	94	1990
3034	36	5755
1275	12	4060
3464	136	7762
6550	12	10925
1992	196	3378
5490	362	5214
6979	86	562
4142	276	5909
7038	172	5087
11679	18	4247
11712	60	193
9742	202	982
67	110	7398
4084	36	10676
11081	62	110
47	174	7390
572	28	369
10267	14	2373
8312	464	7653
712	12	8964
10774	134	9471
4117	82	2461
7120	14	5248
1223	18	7643
7070	180	8399
1554	56	72
11364	32	2135
7665	86	1462
6920	98	7789
6193	24	195
13518	114	197
4534	170	377
4393	168	688
10598	114	337
9906	38	7996
2321	164	1731
2692	36	2427
1137	386	2812
3705	14	12984
2578	296	759
1892	12	7401
6795	164	88
20	16	6662
1133	196	4858
3064	358	175
5701	38	9864
435	70	8960
10865	0	1
2506	254	631
1462	12	276
3122	14	17
2840	60	669
2586	50	11196
8782	12	6991
11617	180	1903
6001	84	4186
918	18	2748
10452	200	3925
4628	36	6932
2375	136	8368
9451	18	1902
1049	12	2608
9636	310	9636
8969	18	3668
10964	88	326
6342	48	3227
813	36	827
3966	218	4473
8817	60	124
7909	180	5452
2224	32	1938
20	16	4457
7036	252	7036
12563	82	528
4659	368	4305
6822	10	3592
8744	136	3403
8147	116	411
3965	96	7377
79	64	9119
7355	94	2024
8327	56	72
61	30	110
1601	232	175
7282	94	9707
5340	256	1707
703	82	27
7795	84	422
4401	12	396
11787	56	72
7098	10	1974
7117	12	6624
8500	182	488
5605	88	120
6270	84	675
3697	136	1661
112	36	6581
7334	18	1522
6883	100	6987
1513	94	611
13793	16	12005
5375	94	2763
8102	100	10799
7190	38	6372
103	94	4864
9265	60	3226
6689	84	4616
422	78	108
234	84	2151
9605	384	11676
6946	18	1124
814	178	102
1017	180	4751
2225	82	27
10541	60	193
681	382	10965
2212	84	7708
8863	158	8356
6023	94	3370
1923	32	930
2959	10	11
14203	108	1839
2683	250	6098
5725	88	166
8232	78	456
757	108	2405
7451	14	646
13164	114	266
9338	12	8909
790	136	11651
11644	82	27
1092	68	7763
9653	290	25
792	472	8547
8248	36	7342
5529	300	120
7538	60	669
10626	84	6467
3791	158	1426
7564	276	5909
2877	322	10813
2692	36	2395
4301	82	27
6870	108	12775
13442	42	57
3555	50	3917
5880	358	67
3622	10	1747
1599	84	830
10057	132	11158
12975	342	88
12608	268	10782
337	174	5722
528	122	120
9020	82	120
883	110	3898
9584	50	5700
6744	10	1501
7318	60	669
5878	168	7477
3993	126	6228
168	70	4524
4751	164	5912
8464	184	395
2454	134	7630
10087	56	72
9742	96	14053
1413	36	11560
5385	84	3922
13921	36	7657
326	160	219
883	162	4724
7665	14	435
167	198	1972
5868	14	4418
3099	158	488
3268	102	541
326	70	4043
936	60	193
3464	136	5618
10393	184	395
64	152	291
4117	158	752
2807	28	1104
7261	94	9853
112	36	6996
1987	194	88
5058	164	88
5865	36	1057
7889	170	4972
4946	18	5812
2209	60	256
8253	32	2728
467	180	4243
3492	32	672
11945	60	371
10382	18	811
2997	10	1518
5385	84	2576
1176	28	4379
7725	334	27
6954	82	1198
724	96	12863
2679	108	5627
2026	50	1320
13892	16	2537
2683	250	1338
6527	32	1679
2985	454	5322
7668	300	120
2081	112	4056
4689	174	7805
2001	306	10427
5415	170	647
248	134	10351
883	232	1652
528	96	13123
1323	318	3912
1616	0	745
2338	10	616
4631	238	6297
5694	50	10144
7163	78	883
3614	28	9750
234	84	6200
5446	326	4127
7394	94	3666
7968	316	25
3491	136	7902
1445	180	8164
749	164	88
2692	36	3910
8000	84	12160
6186	18	2166
883	232	3847
6115	196	10976
6016	12	6394
5858	106	191
7868	136	4693
4269	78	933
4473	336	5664
337	174	14302
3361	88	27
2241	28	1781
5969	94	3312
4453	24	31
4631	238	8829
10445	114	47
7782	178	456
3809	196	4388
337	174	6377
4935	100	5498
596	10	2221
772	94	1439
6006	56	72
1264	108	10307
3832	28	2500
1515	136	11107
8944	168	6943
1397	160	219
11612	262	777
6962	14	435
4898	208	1171
2716	222	7100
6382	82	1541
3869	18	2053
9253	194	88
7086	232	5597
3064	78	526
5577	36	4692
844	108	1047
11242	60	1005
5851	352	13840
92	108	2242
1080	250	1995
3803	100	13253
10982	106	1144
8241	12	7528
3450	172	4548
1110	74	4532
6262	180	1489
2030	100	2953
6743	164	1966
579	216	8493
9417	142	14030
4302	14	1164
5117	16	6431
9617	18	2270
9028	14	13548
9020	18	652
1312	16	4779
5945	84	9357
7576	78	1030
27	320	9448
5477	180	5237
12872	136	30
7117	84	2890
6957	278	3762
10985	306	3235
5177	84	7206
9851	450	490
11677	310	11677
27	96	6881
11613	44	10569
960	472	8700
7375	12	5347
9360	400	25
3338	188	3338
9700	38	2246
2157	28	3355
4114	10	3039
7521	90	7740
6236	100	488
12125	14	435
5423	376	7266
1898	36	12201
2062	196	12058
6780	10	1518
8870	60	146
2708	94	1931
3003	94	8925
6991	126	2993
790	108	3078
191	202	308
5983	214	554
369	146	5375
3888	24	195
1090	362	3688
856	190	4803
3156	18	1098
511	36	7420
550	176	8132
819	50	3591
6083	24	31
9392	336	5664
9635	94	5969
7419	292	8298
662	76	663
4399	180	9839
7394	94	1023
1421	330	1575
7070	60	6800
11019	186	27
6711	180	7588
686	96	13438
5003	32	402
4293	94	2574
3114	12	1044
13563	204	25
5993	114	337
6237	212	842
689	98	1699
6893	120	1222
10621	18	2241
6687	172	9644
2021	78	3363
671	86	2512
12833	120	212
960	108	3334
1592	28	3475
4868	82	27
6698	12	11315
417	26	10120
3279	164	88
5226	94	5160
9419	32	3226
449	28	1723
3787	32	1679
5065	118	5189
9264	82	27
5157	94	3603
4996	236	4803
2935	94	10875
2768	28	5115
108	54	523
621	352	10412
788	332	13712
3389	28	1842
6796	468	7094
154	94	4662
108	68	4853
1726	106	8474
6730	84	8073
5778	94	7353
9458	32	277
1407	136	10538
4004	104	8869
454	10	768
9365	330	2798
3320	26	71
6348	158	120
3172	18	1271
5312	212	4833
1490	10	163
1789	94	1103
10334	12	3192
1212	394	11397
7576	84	362
8234	16	11572
3993	88	27
5514	82	1198
1699	4	2209
10485	114	197
2955	98	3487
9067	298	3225
6773	82	27
8910	60	3951
1688	18	9922
7683	182	6211
133	12	9267
7641	94	460
1788	18	92
3045	38	2375
2885	136	4399
12082	100	2149
9257	84	5647
13312	138	6090
6327	164	88
4957	134	1957
166	70	119
2301	36	5236
1992	252	1992
12264	196	4858
4772	158	1336
1434	94	1576
13247	42	57
22	180	2637
2756	84	2325
5337	14	1164
6982	10	521
796	28	3257
6702	84	286
12280	56	72
9338	12	2432
9384	258	12105
2817	158	488
2225	94	1811
9373	242	2812
120	96	4537
10211	264	4057
794	96	12482
68	232	1379
9205	54	102
1518	96	12249
9175	18	40
206	258	158
9026	60	1391
1781	146	2904
6423	38	148
2109	164	88
268	174	4802
2464	170	488
1607	84	127
362	60	1391
8762	288	27
5561	370	8298
2596	158	10371
9349	18	655
6427	10	166
409	84	6503
662	166	1192
1122	358	526
10877	46	1966
73	58	8231
8895	18	7109
13431	56	72
1703	60	2213
856	448	692
10999	288	27
14232	182	4572
11732	368	6758
2062	98	13527
3145	28	885
5923	94	1196
6995	154	88
586	252	586
178	110	457
8587	94	9357
4581	18	1568
9709	460	7107
511	36	1454
542	212	842
13201	56	72
918	18	7751
607	26	10120
2104	100	2953
5922	108	3569
1563	362	4326
7910	296	2870
6787	180	6141
2221	160	877
9267	14	1164
6210	188	6210
557	14	2364
1439	18	960
9172	310	9172
7279	96	10310
2598	116	411
2048	366	7596
6240	324	3340
2416	136	675
1592	28	419
1859	60	669
4777	128	1187
12299	206	13080
6496	18	3464
10976	262	777
1409	24	195
4154	164	88
6235	100	865
1754	14	238
2377	18	8088
6687	172	7211
8447	100	1732
6124	86	145
11963	114	266
134	158	11405
2409	54	1877
8140	100	488
3189	94	6662
2991	10	1501
1186	88	27
2110	94	3625
1601	54	5785
7303	322	8287
12235	132	7295
7447	136	8717
10854	196	4988
11125	18	306
2283	12	6684
4540	116	411
6801	12	3306
2643	164	353
23	28	4819
3651	56	72
1149	96	10995
1039	10	1491
2231	134	7500
1872	180	4503
3025	218	9259
177	160	404
115	180	7061
1474	298	10115
231	60	371
8089	302	5871
156	94	772
3460	38	3171
323	82	27
883	232	1831
4488	14	1164
9627	114	47
6100	10	2461
8032	232	6794
6277	258	8450
5046	178	883
3312	82	27
10040	96	759
675	298	3030
6454	18	6298
472	36	1841
3220	136	5596
3097	38	790
3194	232	1602
1820	434	13222
5076	14	2367
128	130	760
10481	82	27
8798	94	11397
600	86	8871
8465	32	930
3081	322	3778
17	70	12276
6968	104	4119
10176	330	11655
343	108	3425
746	256	1707
652	28	6736
1096	134	3133
6439	10	308
1219	320	11384
704	86	1874
10026	114	197
1261	102	5443
1327	4	3928
225	106	191
2133	160	219
813	36	8231
3346	94	4586
4606	180	10460
611	364	11919
9787	182	10833
9617	12	920
10890	336	1261
4513	408	6777
1124	28	2645
6092	38	7939
1017	12	2371
11574	14	238
9607	36	8435
7068	252	7068
4744	18	440
1569	14	7072
518	110	7066
2426	180	5084
2821	94	3772
4108	12	1090
6492	164	88
1091	68	3633
2826	70	4119
4439	32	930
2737	94	9587
6348	18	5520
12071	96	13264
3121	10	490
147	10	39
2709	94	7618
6873	136	9843
27	96	9636
5262	10	177
1028	0	1
5207	232	83
7671	24	195
1919	136	1463
8641	14	1526
8981	258	8980
11689	4	679
102	68	445
4563	346	11602
7413	60	124
6141	322	4234
1288	172	6229
3414	10	768
12526	288	3774
3470	94	228
8347	24	195
4055	180	6564
5917	10	163
2757	18	844
4584	208	10774
435	70	9626
4391	18	343
2847	254	14412
13550	36	316
3478	70	3300
8108	0	745
3763	58	9456
2898	108	8973
5334	94	2722
2515	96	2689
8179	60	10943
6857	262	777
84	60	992
6439	86	4392
14343	182	1947
5459	236	1707
5187	32	672
3305	134	8349
10982	106	1501
1537	232	526
1017	18	1415
3018	30	214
3953	56	72
1447	18	2219
599	18	440
7865	314	4517
4073	238	11315
68	232	2404
1662	94	8059
11209	96	7409
4277	136	6623
7797	180	6574
9048	134	10265
1053	84	1067
621	222	3369
8248	36	11766
5898	60	6800
6071	90	3426
518	110	203
343	28	9282
7829	168	8227
5138	70	1525
7920	82	27
898	280	3962
8712	180	3339
3679	106	1219
11119	28	6837
10877	182	1732
2233	146	7424
11755	114	197
9421	98	7688
219	76	9004
10036	18	1815
7545	28	8065
4728	84	1270
6658	208	2231
472	36	7711
10759	336	963
9062	178	1178
3593	94	10361
7974	84	257
9604	12	5325
4727	10	308
8722	32	930
563	14	98
680	26	8411
2158	212	4986
226	230	11917
1387	336	2590
6784	180	8503
7111	146	2245
2317	114	266
3652	12	11457
1882	12	6962
1721	136	685
40	28	691
8365	38	4511
2053	108	10067
27	96	12253
3185	12	3895
3076	36	5622
785	134	12381
6363	182	8972
1959	14	435
6855	36	10924
4099	48	399
10365	62	12307
3121	14	222
23	28	791
4412	212	3047
993	20	25
2333	12	1490
7487	14	98
1560	56	72
5668	214	554
1644	268	4402
419	32	554
2324	360	4945
27	96	2726
10241	94	5753
5403	98	10392
214	96	4132
5535	18	531
6185	10	27
7281	20	25
395	434	6972
700	86	868
62	202	120
5238	60	2213
7939	108	8848
8566	82	27
90	212	3253
11786	32	1291
8014	88	27
5214	20	25
6304	60	371
3106	58	9131
2804	434	3724
12087	258	12128
9593	94	3542
2649	224	1163
2640	14	17
8092	14	435
103	84	8692
8356	96	4672
3918	322	3043
8560	10	1927
14168	114	266
8423	12	701
12556	430	10604
3775	20	25
1952	88	27
1368	362	4681
4851	216	10625
3406	14	435
621	352	8086
1840	12	5325
16	88	27
11263	60	371
7939	28	8399
9619	64	12224
4572	340	7716
92	28	11596
7643	28	8472
8107	294	226
6323	164	88
11021	264	13430
6320	178	178
4810	232	1091
1950	98	6443
2076	94	3828
8539	94	11483
1247	158	1202
7867	14	1164
12841	142	4858
5806	136	990
435	70	4225
2552	86	4535
7629	28	7504
3578	0	1
1902	136	118
10512	14	763
9022	94	3531
3063	86	5904
4191	60	170
6556	94	7163
8505	234	13479
8478	338	11320
5772	14	825
1749	108	10227
7271	42	57
67	54	2072
10319	34	47
1118	18	3728
197	174	11080
9822	136	9711
10559	100	1367
5629	68	7359
5015	32	382
4862	208	4920
7826	62	6051
7969	136	8000
335	94	4492
7152	114	266
10969	62	12730
2395	94	2076
5165	18	4771
5552	14	4600
7206	94	351
1751	36	6959
2775	14	435
3320	26	2803
3750	10	308
1279	60	1391
2084	14	4600
6360	164	88
1304	180	3995
12100	42	57
11531	14	98
12111	32	382
11371	18	2227
11831	56	72
7103	36	10538
1620	296	5664
2100	12	3817
738	250	1611
9741	290	25
5735	10	120
6875	94	2831
3886	54	68
4948	180	3048
1608	180	7283
147	86	3948
3522	60	12001
2290	310	2290
5070	10	616
11001	36	4772
2643	164	5912
8818	18	1124
8172	130	530
9979	376	10932
8465	146	990
253	218	1786
7060	70	8479
2563	180	227
1856	96	592
5054	28	4648
120	96	10498
731	50	6114
5062	60	2190
7975	94	4108
8089	302	1555
13195	188	13195
7519	18	4890
1440	54	947
11783	34	47
12931	82	27
1316	104	2413
10629	212	3253
79	64	1435
12146	18	750
3886	68	5016
2464	170	7621
7815	12	6539
755	106	1541
2146	36	8784
436	10	2221
652	28	5517
2774	298	3132
5873	86	2674
567	124	4184
8347	94	2158
2595	18	960
34	26	9893
7669	286	25
2457	256	424
8781	94	4746
3163	32	382
1503	180	5756
1488	32	539
5605	146	185
9299	78	5370
10756	4	6534
9850	84	4864
6701	142	5051
8644	28	6489
3778	18	978
675	128	1912
1568	108	1342
466	84	7947
6555	314	2358
788	218	4603
1344	10	308
5632	178	5207
5027	116	411
3761	278	8719
2800	24	195
18	12	4018
2380	18	258
5456	18	2807
6768	262	777
1622	10	5066
3437	88	27
92	28	10734
1218	10	3572
6967	48	327
11742	18	343
9877	66	205
7906	24	31
578	84	3795
2752	452	12156
6043	270	2519
6296	346	8294
4333	14	1164
4530	84	1054
5716	466	2812
4001	180	1489
27	96	5453
1759	318	7354
2683	296	3965
8612	18	92
308	294	3128
8142	36	5834
5661	24	195
2453	12	7268
40	28	2180
2657	96	416
10936	32	1679
12364	294	93
2752	96	11218
9571	26	2726
780	368	6194
1017	0	1
14141	120	1222
6337	114	266
4296	346	9659
13524	36	14
4418	70	7237
579	216	5242
4898	88	876
1817	24	195
12099	100	214
8636	238	2916
3799	60	4815
3673	12	2833
2443	360	10434
5094	14	4600
1029	32	43
2616	10	342
4136	16	3096
658	36	1999
2595	18	3559
1473	28	9173
4888	258	7279
1414	78	102
1848	52	2812
10080	4	140
3330	218	955
11435	0	1
4529	132	1696
9635	18	180
7788	20	25
7994	50	3932
4362	84	7954
7068	98	7883
102	110	216
1440	210	175
1737	116	411
2354	78	933
5742	14	2344
4748	60	146
107	54	102
1565	232	7684
3194	54	1602
4464	48	327
5003	164	88
5467	38	10557
11488	94	4020
569	270	3850
2444	18	49
7111	10	342
2885	28	3437
6795	116	411
1537	232	1121
1176	28	5418
226	230	1501
4745	158	778
409	82	27
6951	134	2853
11174	94	1463
1477	84	10087
5218	164	1731
8554	60	669
3078	238	381
1887	164	9642
10014	0	1
11197	4	13001
6734	196	353
6427	10	191
899	82	27
3921	400	25
9083	258	13455
6738	260	6771
2053	108	7892
2056	94	5908
10457	258	8597
4604	180	7407
8889	10	1219
13013	136	11827
5513	164	88
3112	12	7919
11326	296	4134
9096	218	4999
128	84	6077
4522	94	3749
8544	14	435
625	232	372
6817	12	7776
7003	12	3256
738	250	3879
1030	110	2147
11344	314	4919
9054	16	3021
9310	242	25
4857	192	4759
8806	134	4177
967	134	1836
7052	60	669
833	94	5903
1888	4	7363
6175	196	4387
605	26	12199
1999	18	2446
4921	78	1602
4053	368	6758
3409	106	2133
8489	196	4988
2231	134	1476
763	70	272
8387	262	777
5602	12	5680
3409	106	3301
3273	32	382
1979	10	876
10940	94	1196
3037	68	3815
6812	164	1731
20	16	3265
12598	60	256
3922	94	2801
1864	12	6192
1424	146	5224
27	96	5698
2294	136	118
302	180	6127
7407	322	118
13367	188	13367
5320	100	8780
2957	10	96
472	36	7112
27	320	9820
8858	56	72
1548	158	3098
1250	60	124
5062	100	5128
269	84	3839
201	28	6990
6232	38	1264
8507	100	2178
5356	114	337
9031	10	2133
11711	44	7742
2099	16	11462
8803	108	10917
8135	12	516
5196	20	25
226	230	1974
54	344	8024
168	70	10684
5277	384	8007
1261	96	7329
5691	78	102
8169	180	4259
7939	108	8812
7220	12	9682
2035	10	120
5012	114	197
337	174	12324
4612	88	166
11048	114	266
5579	94	1530
10515	84	10166
1454	18	811
3428	60	2213
10734	10	27
11003	12	6059
5375	94	1858
7283	186	27
10611	50	5570
11701	12	3615
4331	396	3230
4073	238	2934
309	12	11162
2584	16	6444
4296	34	266
9281	12	10414
123	180	5485
4409	12	3042
7460	14	1164
499	94	498
5595	38	2279
5343	84	228
3363	232	4980
1619	36	3898
5117	16	6012
13426	114	47
2320	132	9324
10974	420	6108
8809	0	745
1652	68	6073
7915	4	1539
8728	450	1231
1565	232	933
3907	56	72
3196	292	10509
395	434	10801
7177	126	12012
8500	430	9877
2414	96	13783
6546	94	1190
9205	54	526
879	94	1359
2325	60	146
8946	106	2133
13754	82	214
1124	28	7168
5779	84	5977
11006	18	2040
352	86	9165
605	222	1801
8384	336	2590
7380	18	2446
10660	18	1762
790	108	7998
2446	136	2441
6395	8	9
83	68	4032
1472	98	7248
2368	24	195
9767	180	5192
557	38	2885
9485	390	3707
2266	18	201
7554	44	12705
468	196	4388
1219	160	93
6842	130	3127
7866	84	1305
11385	88	342
11022	194	88
5504	18	531
1160	86	3841
3209	14	10857
6897	10	1367
5448	460	7107
3994	94	712
785	134	2753
6562	14	2373
5998	84	1744
7221	12	8999
7961	114	47
1160	164	88
1140	158	11854
2919	14	435
2272	28	4193
47	174	3013
4419	86	10981
7314	24	195
4386	294	5367
9827	334	2149
4423	58	6802
1898	36	3299
7671	56	72
5579	94	234
1025	60	104
1424	86	11394
2227	136	8434
5303	88	308
10697	200	2176
2882	36	2147
343	28	1504
3160	62	1491
1237	10	191
8751	14	153
1986	36	1295
343	28	7471
11382	60	371
579	216	7385
92	28	11475
10884	308	1867
5669	174	1421
11693	94	626
4760	88	120
1975	60	669
2870	96	8370
4597	102	7140
9323	442	25
2494	308	7043
10396	86	5507
4896	158	7760
7450	60	124
10257	118	5189
7489	108	1558
4099	160	93
3732	10	2133
1008	26	12260
1091	68	9194
2926	314	6177
2053	28	3015
5739	136	660
2723	14	12984
2335	12	6292
3358	26	7807
10376	258	9339
12498	66	82
9548	108	7387
6885	10	1065
1847	154	88
10125	136	127
5698	56	72
27	258	110
7859	84	760
3749	180	10115
933	68	4946
7939	28	1504
8408	82	1518
3936	138	3720
1653	12	5807
3336	366	1947
2951	52	25
4851	216	2648
5863	336	3152
854	4	4176
232	18	4291
7703	82	27
4943	436	6348
1261	96	6398
1088	60	124
2445	78	625
6909	120	2658
3256	116	411
5484	94	3393
6084	96	7537
1261	96	8197
6119	232	3319
9952	172	5238
11292	14	1729
2394	28	1593
2025	18	23
12294	24	195
12093	192	12414
7675	12	550
5414	0	1
5723	60	4815
4484	12	917
8843	126	8786
4877	98	8776
2596	24	195
4726	10	2686
10711	138	604
1136	94	4093
1774	36	1060
7245	212	7140
1081	356	3393
3195	18	11608
37	164	88
1602	54	1537
337	174	10021
1213	12	5955
668	94	145
11513	98	8936
767	10	191
10986	182	1426
11459	138	1266
4364	164	8005
7825	84	785
5105	114	47
8877	180	2754
6477	10	3768
1779	18	3550
844	108	7819
1008	222	5095
6342	192	604
4364	10	1397
2099	16	8758
1177	164	88
7698	342	38
41	38	4210
2878	252	2878
724	356	12697
13582	114	266
10597	82	27
8850	24	195
4104	94	7729
6849	142	435
3357	98	5005
7939	28	2712
621	26	3420
36	28	3394
4795	296	4134
5867	82	27
456	68	7792
3566	12	2932
2421	132	4295
2091	322	335
4659	368	4244
9963	212	207
6516	180	6803
8788	18	40
1422	56	72
8676	142	222
11891	136	7904
3168	196	1729
6100	32	1679
480	390	10027
450	0	1
2053	28	7074
11287	70	8755
638	410	88
2330	14	98
4976	60	669
3961	94	6680
4516	60	2350
266	174	7023
2318	18	2524
5807	32	382
34	26	6734
2165	56	72
8884	60	193
8175	18	531
3176	250	4795
7872	14	222
8475	218	3837
2227	28	474
7278	60	669
11225	114	47
10850	12	2306
7131	10	27
8260	258	2662
372	54	625
66	196	4988
1264	28	9947
40	108	6871
9785	18	1308
12822	44	7718
4329	38	844
8526	60	2213
1943	20	25
2258	98	4335
472	36	10478
4397	32	1291
5514	12	4079
79	64	1302
9525	60	669
2262	136	675
9359	194	5710
7551	56	72
5168	116	411
244	60	124
10038	96	9144
5536	28	3063
4191	84	5949
6043	52	25
8239	156	8689
4043	10	1038
478	208	1364
7359	78	456
4358	302	8221
7655	36	9564
4472	94	7052
2099	16	5616
6064	174	10617
3712	96	8023
2150	98	11207
7721	460	11440
2062	98	7160
13350	270	2519
315	110	7398
611	18	1762
6630	60	669
5782	324	2536
6753	60	371
868	84	1811
579	170	2210
1124	28	4749
8117	164	1881
7645	114	266
721	146	9956
8852	78	9547
106	180	3224
4006	32	382
1719	116	411
11796	42	57
680	352	12702
2764	18	477
7916	312	5511
6666	18	3697
11945	180	1416
13711	114	197
6624	90	8870
2894	18	6653
7642	208	562
7532	164	353
10974	420	8880
4893	132	4620
7532	10	2221
5074	84	6384
1073	258	8958
6423	10	490
7959	34	266
8240	14	153
3913	10	982
8566	228	3382
9559	248	10691
184	94	2455
1124	108	7115
5267	100	13656
5160	60	669
5968	78	883
1330	106	768
4196	18	1681
1052	82	27
9125	218	3349
3000	82	1518
13384	196	956
3977	178	102
2530	288	110
11893	80	7404
4465	60	669
1726	106	1491
10176	332	1628
1322	10	27
5755	18	4903
1	284	2400
3899	34	266
9682	14	222
1906	116	411
1271	28	10114
1979	208	8638
6879	168	7183
3562	10	1231
302	94	4413
3735	32	1679
12528	0	1
504	104	4336
4149	94	6001
1876	110	2781
2821	18	126
5344	164	1731
387	12	7347
545	466	3563
435	70	547
197	174	7077
27	96	3026
1138	12	2261
1667	14	1729
979	24	195
7237	86	2296
6254	136	3820
5701	86	4578
12477	266	12477
2037	38	1473
4429	10	110
2541	208	562
8685	180	3455
1696	60	371
372	162	523
1415	28	8204
178	68	8553
4550	142	1293
11057	136	2266
10663	192	3937
8687	18	3697
4464	96	4464
4491	146	9956
1091	232	3363
1390	94	4852
4891	362	8240
3305	134	547
6580	36	6696
883	68	2818
9376	370	13580
9018	14	2373
1753	14	435
6101	186	27
655	28	1319
2894	60	13236
13425	18	2885
10121	60	170
4328	12	706
1081	356	1776
3822	18	1124
7820	136	3836
14157	66	7938
11736	192	2168
6789	24	195
2033	76	12957
3933	126	9998
9659	34	337
11719	142	1711
5309	18	3464
110	96	13479
1704	316	25
1311	88	27
3542	18	92
353	30	3315
8139	94	123
8481	2	10014
9682	10	876
8495	254	2571
5840	60	1005
3980	10	2221
969	100	10596
6186	84	1206
453	12	8604
4908	164	7918
813	36	8138
1092	232	3404
1140	366	5816
2633	10	1144
2903	18	2270
2722	56	72
5931	10	308
472	36	1295
6989	14	98
2464	170	4415
2219	136	128
11633	82	27
13001	24	195
650	60	371
6388	10	560
789	270	3850
8660	38	2241
5740	142	1453
7018	116	411
2371	14	4816
466	18	2524
11626	60	193
2062	98	10879
12096	466	2812
1944	50	5385
4150	12	7523
4225	14	435
2885	28	2094
925	326	308
7478	100	8035
7304	84	7278
2535	10	39
465	94	2380
9324	60	146
3938	84	5779
951	274	25
1328	246	392
10541	60	837
7532	164	88
5597	110	10924
876	356	6600
1275	78	102
2813	208	1096
1750	50	2393
1543	10	2417
102	68	3940
8570	178	67
73	58	1275
611	60	1437
11540	396	3230
6964	202	1978
263	48	11760
337	174	6296
6320	338	9097
9852	94	2103
9330	56	72
1959	32	2085
493	10	1974
388	14	435
3358	26	11149
6923	232	5370
55	216	13278
5781	88	490
5547	332	5669
7332	168	2398
1090	126	7975
1209	38	5536
6072	238	3535
12459	118	2528
713	60	669
5457	60	371
4728	60	992
11280	114	337
6202	146	7413
1522	136	5016
2527	118	5189
3420	98	7395
5249	108	594
1261	96	11051
10	10	1732
2233	460	5979
8253	32	382
919	100	6779
572	28	5695
5054	28	3918
1225	70	9545
704	56	72
11521	100	8497
1626	4	130
664	94	22
11890	56	72
11851	60	8983
7411	10	1219
6446	188	6446
1146	28	7746
12461	164	88
1565	232	5370
3069	60	3951
2726	196	3187
6425	60	1318
6690	18	705
6455	108	3590
883	54	3362
757	108	4544
1744	84	4168
1518	240	708
3941	84	311
2306	10	177
3241	60	669
2436	370	3290
2918	126	5898
2314	234	707
4777	132	11353
6716	78	933
8128	158	858
2555	116	411
4771	136	4304
3470	0	1
7316	60	371
7903	392	752
1352	60	2185
8292	18	3489
1738	218	3963
1300	168	9766
8445	96	10677
266	174	8094
1230	56	72
171	28	8353
5212	14	98
7390	114	197
5862	14	13548
8551	12	11206
880	94	515
3510	60	371
13061	70	3688
110	96	3784
12591	50	9234
1567	212	3047
5046	60	371
3512	136	1355
4338	32	672
3158	60	4815
3960	138	604
2297	10	768
6237	12	8286
5347	10	2221
7091	442	25
4243	10	490
903	94	2600
3545	246	4572
9689	94	5841
337	174	12046
271	8	10169
102	68	7713
933	232	1378
6709	146	2463
1592	28	3913
3838	18	4923
707	96	7562
2121	208	115
5184	94	589
4891	164	1966
4021	82	1198
3240	18	2141
332	134	7504
36	28	5677
11077	212	8643
11733	306	1416
709	28	3655
10514	18	531
425	174	2191
1774	36	4301
3149	10	1238
3965	96	13100
83	68	2386
12186	374	6835
654	84	5323
5313	18	6653
2769	86	9845
7088	100	12469
4723	100	13874
12982	42	57
2660	94	5923
3462	88	27
1594	12	3870
9401	94	7459
10002	94	13186
1845	10	163
12739	114	197
3798	38	797
2037	280	232
6046	98	11537
9941	88	27
5573	10	2461
3053	58	519
8552	52	25
592	96	13645
6431	60	13249
2166	136	10660
1611	250	6392
7326	14	222
8367	0	1
99	208	6951
2005	318	4467
7241	44	9490
9471	324	2536
1080	296	1079
4006	164	88
4524	88	27
5655	24	195
9043	20	25
5081	12	12276
8442	158	11597
7484	48	327
11014	32	277
13693	34	197
609	106	1337
4744	84	5433
47	174	6999
7871	18	1681
1669	10	490
5467	10	1974
9590	12	1112
1463	24	195
8132	18	1568
14299	56	72
3963	98	4493
6630	180	7743
4585	98	1914
191	294	226
8852	82	120
860	60	3951
4852	304	1715
8179	60	1977
2661	84	11929
12804	36	4414
1779	386	25
6020	94	2283
1844	66	82
11226	208	3482
6193	84	313
4545	60	124
5748	296	6882
7006	42	57
3225	10	1397
611	18	3621
12259	86	5668
5690	240	708
4851	64	13063
9343	60	1391
813	36	9891
3076	36	6727
10536	56	72
27	320	13576
4909	96	11870
1324	166	1820
931	0	1
1293	70	7301
3547	232	1091
3418	84	979
738	250	5308
14226	110	3277
13717	114	337
9628	36	1688
34	26	9914
377	356	8273
11645	100	724
10729	142	1164
5779	84	1023
7197	24	195
11577	114	47
3058	238	1027
2192	434	12522
120	96	12096
6449	114	266
7900	212	3047
8614	108	935
1709	84	1445
1772	18	14062
8952	128	4349
5629	54	456
1218	14	17
11552	130	2410
2753	14	153
3554	118	2324
3475	32	1291
843	0	745
4335	94	4836
166	160	7875
3268	290	25
6957	326	4520
1751	36	74
5209	10	166
11227	24	195
9536	94	8793
11568	142	1711
6687	172	9303
8220	436	9307
4637	100	8046
6041	12	4400
1483	10	1065
5535	18	978
1445	18	2526
700	32	930
2268	10	1219
6767	10	1065
1747	390	6509
1724	136	9933
5343	94	4186
4325	314	1298
140	158	9758
9041	10	616
173	84	2145
220	106	987
3732	10	987
10141	158	2476
3483	32	930
10938	82	27
8150	18	407
2464	170	13253
5863	204	25
6080	176	10571
4596	60	669
1091	68	914
3264	196	956
3697	28	1360
801	18	2294
8132	298	3399
102	110	12408
3330	218	2828
11561	94	7745
552	94	2454
933	232	1523
468	388	6166
5895	212	3047
7619	394	13383
1091	110	12678
1187	12	9577
3320	26	3033
9839	116	411
13329	138	1266
4819	86	5016
1286	70	5126
2664	100	535
79	170	6768
7838	84	5223
6592	164	5912
7504	322	3466
3266	12	1606
10942	192	1266
3526	258	9499
4468	84	760
5775	268	2578
2132	10	1001
6400	214	554
6258	446	5260
843	82	27
4000	298	4429
799	82	27
8505	60	1977
3161	432	14396
3208	18	40
2353	120	1222
1036	12	3394
110	96	3325
10778	258	3572
3459	386	25
3508	138	254
1522	108	819
7979	246	1426
2996	136	6091
9530	14	1225
2415	18	92
10428	108	4801
2662	102	10990
2645	176	2218
11580	36	2438
197	174	12419
4844	24	195
1580	82	120
7987	298	1753
1261	96	2408
304	50	9410
337	174	6487
3568	164	88
6424	60	3523
9224	100	4415
2000	232	102
3437	38	440
4591	14	17
248	134	5276
102	68	6599
1838	12	1141
3220	136	11463
2359	60	146
10095	154	88
7880	0	1
1608	94	154
10411	250	4327
2241	28	2738
682	60	146
6352	18	8506
3727	10	163
2814	60	669
3961	94	9853
9175	18	4923
1265	10	2686
3996	170	1073
8274	258	3744
13601	310	13601
7028	180	6156
3469	180	5701
1310	60	256
134	94	5571
4632	38	652
4165	404	8589
9493	34	266
2748	136	7838
9669	196	82
2625	218	3963
7092	36	4430
524	110	8666
3300	10	982
5704	94	4144
995	180	7814
4400	14	2364
6945	208	10774
4716	58	2908
200	180	1141
10237	458	5966
4570	84	6817
2240	84	303
1827	28	3515
1114	258	1339
262	82	27
1582	18	7249
259	10	455
3066	10	27
2856	232	1092
8526	4	9291
2617	14	98
2622	164	88
4623	134	981
1288	172	10145
551	16	6805
8496	60	669
7929	60	992
7123	14	435
6444	94	902
6543	336	2946
4065	78	933
9278	12	4726
5039	62	12730
3920	10	2733
79	216	1326
7872	126	12068
8110	78	3037
6312	354	5988
12838	114	47
11505	182	2477
2375	136	6453
4651	238	2934
6254	136	7319
8756	198	10978
2572	116	411
6612	430	886
3320	26	3186
1036	12	4658
4449	180	6478
13245	16	2970
10146	252	10146
325	180	8867
414	34	47
5015	32	1679
7329	442	25
572	28	795
6883	158	488
8855	46	353
108	54	5225
7825	180	2047
4069	108	3334
2671	194	88
67	68	7162
2165	18	3464
3861	98	10283
6376	34	266
7013	94	5998
5723	60	669
1521	328	1451
8417	60	193
7098	10	214
6162	60	669
2239	94	2553
11858	270	821
531	136	7355
6206	254	6145
2227	136	6422
3777	14	2604
6820	230	3039
7837	10	308
3031	60	4037
2429	180	3670
7389	164	353
11505	196	2274
4904	136	7359
6395	10	2221
3320	26	7608
4336	314	1298
1837	60	1224
2997	10	982
11617	18	2929
426	198	2591
3348	94	1076
3405	136	7485
6844	94	578
6803	14	646
14373	426	27
6281	60	1391
8812	50	1875
10137	50	6503
10687	208	12545
8098	150	2472
27	202	342
180	28	344
3432	254	6307
5382	56	72
594	50	10745
12288	98	305
844	28	7508
10496	220	308
5853	148	12390
7622	94	9248
9786	114	47
2501	114	337
9020	4	4960
2225	212	3253
3729	86	2269
11288	294	93
40	28	4936
8392	194	2961
1722	78	1178
9391	198	7184
27	96	5269
11412	60	669
4711	86	5343
3424	198	11371
431	58	6227
9580	180	7928
11580	36	6928
10176	330	13483
5764	10	11
6823	416	6279
397	94	8189
7939	28	1759
2681	114	337
8514	10	166
7327	60	669
10285	18	811
2573	156	4643
2416	136	8612
456	232	513
9178	14	3536
3232	146	1548
214	96	11042
5064	18	10459
337	174	13865
4864	94	6193
7057	12	3998
241	18	4017
7197	94	1463
2442	164	88
1483	32	539
326	160	888
3501	60	8729
602	84	2553
664	158	1732
5620	38	1902
10085	366	488
8479	362	4898
4779	84	5847
3996	170	3152
5908	78	1091
1948	32	930
742	36	9908
1170	14	435
963	96	10572
9436	24	195
3076	36	12280
6477	280	8499
9098	18	2902
6431	212	962
4085	180	11181
3420	196	718
531	136	4744
34	222	4554
9462	96	3165
2825	166	3409
3762	138	447
8305	208	785
7910	250	1741
231	94	5621
4675	94	2248
1098	136	9785
8794	442	25
1427	84	8154
7502	10	27
1295	100	488
5970	12	2652
5038	264	9560
404	76	1143
8569	180	1360
2111	10	308
12104	36	5930
9640	192	3937
7777	32	539
951	242	25
9162	70	5137
11720	28	3082
1621	296	2946
1120	42	57
844	108	4642
6488	366	2400
8856	212	378
7110	108	2586
5118	12	5552
5248	70	7320
6358	18	4511
13004	426	27
2053	28	4859
1608	84	4416
1324	166	7817
12044	472	8700
7334	60	2190
817	18	6372
10597	84	9688
1902	28	645
40	108	2405
2380	94	3745
501	38	1827
12748	82	177
1021	14	5248
4019	84	5571
3584	88	27
1140	4	927
7447	108	594
5762	14	4816
3778	214	554
3320	222	5189
2253	32	539
3869	94	2322
4836	12	6107
12654	60	1291
3003	60	146
9937	74	1275
11957	388	2990
1898	36	9996
8543	60	256
8637	88	490
1630	88	120
280	240	708
5236	18	5231
3697	28	2450
9148	218	13487
1374	12	1660
1994	268	2683
251	94	2155
10646	44	5562
8419	60	669
3732	10	1219
4624	136	3352
5953	0	1
2443	404	8589
4509	158	1732
12583	56	72
4091	56	72
9961	164	88
8122	94	4174
1176	28	1246
11793	144	1707
1349	178	1121
12008	198	4122
214	390	10027
259	10	490
9501	26	10083
5700	84	3469
2248	12	4048
2022	164	353
6711	94	613
12123	270	821
343	28	2460
3145	28	5687
2226	60	124
6700	60	1005
4418	70	5725
5278	0	1
7214	268	7910
5408	172	1060
12154	274	25
9061	468	9046
5351	10	876
9098	194	353
6733	60	371
3483	10	280
4513	116	411
1286	70	9273
573	32	539
10815	258	10861
7031	18	1528
8911	176	7915
11192	136	7816
6964	160	3546
10802	114	266
12248	36	1250
4083	94	3730
7060	70	7726
653	94	5323
13149	348	12618
757	28	1593
10189	92	5253
3025	218	10443
6935	70	4488
9208	12	2573
10845	216	6931
270	28	8974
8672	396	3230
8090	32	2197
6681	42	57
10077	10	177
789	98	10381
10441	36	1817
7729	94	10918
5182	164	88
2415	180	11190
1681	28	7354
440	28	493
6583	408	5514
2436	370	7457
13090	60	837
3923	60	992
2379	60	124
4507	10	1315
2983	248	11517
2657	96	13522
6402	4	9089
7303	32	539
3308	192	10012
12383	60	6800
2802	302	3963
9745	94	5855
2692	36	8925
166	202	120
8039	254	4677
12760	56	72
4329	38	1124
5172	32	930
6243	32	2085
120	96	13622
67	110	8674
343	28	6499
3349	196	88
9853	94	1607
607	26	11403
1696	4	3180
8190	18	6298
6994	24	195
11519	60	170
10981	12	9423
3236	302	955
9908	78	6923
7459	82	27
6209	206	1418
3264	98	13805
7143	10	110
10237	56	72
8169	94	5924
3417	36	7435
1763	100	2717
9031	164	2542
1174	98	1134
1435	196	5593
7300	84	868
7739	368	5769
79	216	1472
8608	12	388
8570	60	992
3691	16	8990
1308	28	7715
8093	104	5430
740	176	7014
9829	94	5661
337	174	11990
79	170	9653
7060	70	4286
4366	84	1662
9436	60	193
4883	94	4020
368	28	4056
2590	96	5116
225	106	876
1706	236	424
2021	366	8739
2606	14	1345
3086	142	3536
8260	288	27
5799	94	6237
2823	36	5718
9061	468	5165
3119	10	1065
1020	94	766
5293	82	214
3993	10	177
4938	12	670
10604	196	956
665	134	1746
987	154	1881
8258	386	25
2894	60	669
3148	28	8531
2037	14	4600
3714	98	2312
2743	32	539
2179	18	180
3555	238	5187
7035	86	12598
844	108	826
8301	62	342
2102	18	440
6109	246	11030
266	174	14404
332	134	1865
332	134	3460
102	68	904
2871	16	1317
5406	56	72
8656	136	6349
797	28	3461
11106	304	4586
2383	258	326
2053	108	8636
7593	100	488
7083	84	698
13480	60	669
3414	10	2133
1742	94	2228
4225	164	88
724	368	261
3467	18	5922
1657	312	4217
3320	222	2542
609	106	11091
1326	98	4426
8365	14	222
5191	362	973
9643	60	371
9779	60	837
5735	208	4920
4564	84	5026
10157	236	942
7342	18	9441
6775	36	10696
5713	10	13
3591	78	883
4680	100	8981
6768	202	7165
3080	180	3355
6954	18	3752
458	170	1339
1052	94	6535
633	94	2483
14247	112	2087
6611	280	1890
10185	188	10185
621	26	12753
1669	10	163
5528	24	195
10954	336	2590
605	26	7771
785	134	4406
178	232	6923
1091	110	12280
127	12	10094
9910	144	1085
7243	56	72
5586	136	111
6942	4	5567
5265	60	4815
797	28	9995
4420	94	903
9125	260	774
11604	60	371
13011	94	2106
1022	94	4016
7738	258	12275
2670	12	2700
5671	10	490
665	134	1897
7465	292	4568
9141	212	159
1327	60	2213
5583	356	3056
10252	196	1940
8604	10	1219
1126	296	752
3119	10	616
5212	10	2116
4477	84	5179
3921	160	93
4672	196	3369
8224	130	5092
6514	292	9586
3347	136	3360
7057	12	9146
3359	314	2358
1198	96	11330
6562	14	2604
1008	26	2744
93	230	166
1321	94	4791
3376	28	5070
5467	10	11
592	248	336
6372	28	5807
4851	64	9118
6191	252	6191
6064	174	11928
1517	10	3825
1835	94	3644
2098	0	1
3242	14	702
332	84	9320
2540	94	2801
349	232	4810
10407	338	931
794	102	842
723	164	88
9426	288	27
5783	94	421
6922	308	8246
7003	94	2673
5779	180	9720
397	18	9453
4843	12	1090
166	202	455
6827	60	2213
11022	12	7592
1346	2	4616
1524	10	110
6939	116	411
12718	114	47
2345	134	1012
2009	56	72
10265	116	411
1198	96	10996
5845	250	1041
83	68	6888
8781	82	110
97	80	8995
5483	208	1965
1931	94	3091
2131	460	5979
6106	14	17
147	10	177
3205	44	11947
9745	94	9117
12151	122	14178
1789	82	1219
11389	138	3720
10007	56	72
10330	206	455
6378	146	6862
3282	160	1035
2343	86	6229
6442	436	2438
8724	14	435
7208	168	6217
11196	60	371
1152	38	7489
3817	10	27
931	18	440
8370	196	4388
3357	196	4287
7286	98	1975
4729	354	7622
3264	196	4988
5327	10	1367
6018	60	124
5024	60	2143
6984	182	4709
11113	236	268
4729	354	1583
67	110	1408
6782	146	390
70	172	1436
9782	86	9051
10224	18	5542
611	18	2166
3473	136	1582
7667	18	5054
6868	94	6817
4938	158	2590
2870	102	842
9688	84	10597
598	400	25
761	356	3056
112	36	7763
9264	366	2400
617	192	254
4908	38	3171
4725	232	4075
7543	24	195
1049	60	193
8496	24	31
8552	388	6166
960	136	6610
987	160	4184
6983	180	381
6435	108	6871
5197	236	1624
1643	448	1707
10853	316	25
27	96	8149
5713	362	2224
1176	28	1362
7926	180	3339
70	172	10455
8527	56	72
11827	366	488
5789	146	6199
2884	12	6080
6095	94	744
11676	42	57
2898	108	4702
7892	50	1885
3127	78	625
4410	108	10067
10689	60	371
110	160	1357
2769	38	1592
6912	12	8940
54	40	8891
2477	96	13289
5091	84	302
5656	18	2241
4477	60	669
1018	28	1027
10256	198	4453
4241	212	207
7838	18	5536
12830	106	1747
4073	50	6928
324	94	7459
6039	94	657
180	28	3634
321	164	2542
6005	94	7878
3139	36	5312
4803	190	1643
11127	12	2640
3735	10	177
3312	94	2865
102	68	3008
13306	142	435
6372	28	3461
8198	18	978
83	68	7003
9205	232	8032
4401	94	10160
8692	60	170
2600	94	4792
7578	198	902
970	94	3353
4093	84	3479
3541	14	1164
475	180	474
10988	20	25
5573	10	616
51	0	1
2606	14	1293
9370	158	1202
478	32	930
6718	158	2149
10932	258	10369
13161	82	27
10095	396	3230
3452	322	5379
4988	26	4173
1012	32	402
7638	24	195
6604	60	2143
9854	372	356
2010	232	526
8059	94	8331
4901	14	17
736	144	8395
5580	234	1426
5977	94	5779
6309	182	8741
6324	60	124
2800	298	3461
6409	100	5128
2912	94	5893
2454	134	1249
2052	58	2846
4810	68	5632
2663	238	5701
7035	198	7824
5212	10	1001
2419	86	2415
6210	376	14061
1781	32	539
2378	10	1065
4896	386	25
1	284	3088
372	54	5370
11696	158	7410
1704	98	1269
3818	14	2060
1364	134	9894
1217	114	47
2590	96	12477
524	54	2855
6677	106	308
6395	460	9
6057	440	1006
786	12	478
9907	32	2085
1818	180	8004
12649	114	197
10284	182	459
6752	84	6751
152	10	1367
761	390	13688
2454	134	7615
10436	56	72
5821	78	67
4389	100	8072
10413	28	2047
4723	2	5578
9603	60	146
3923	84	4373
6533	18	11143
5735	10	280
163	160	1542
8002	14	11287
1603	94	2553
9169	252	9169
6912	94	5737
4277	136	10983
6489	88	120
6628	18	7969
5061	258	4659
10383	264	2703
7559	94	2865
3180	132	2162
749	86	5657
5664	96	5918
2537	84	3360
2660	94	5924
1652	68	7493
7175	56	72
8253	164	6740
2692	36	4654
5259	180	3355
7946	98	4609
1354	10	27
1003	142	6728
5448	86	10844
4969	10	191
11609	86	282
6065	464	6064
5069	114	337
1950	98	4530
3389	28	4488
9763	4	5654
876	294	3128
6227	18	4247
12969	180	4769
4429	10	768
269	82	120
5920	50	4266
2138	94	2214
2446	136	4627
4572	248	4505
797	108	7544
2111	10	3592
3093	372	411
92	28	5556
995	94	11733
4449	60	5152
8681	208	3478
10338	258	13447
797	28	10684
4877	98	2709
11017	12	10101
9078	338	11721
7905	96	1900
8092	200	3686
14391	112	782
2334	84	2100
2445	18	811
11585	274	25
348	54	1652
2370	60	371
10340	60	669
4945	12	4656
343	28	8212
7237	116	411
10917	50	2048
3649	82	27
10283	12	9019
489	10	1518
4335	12	3120
1355	4	2575
1620	296	3943
7766	276	3375
5942	10	163
3285	28	3979
13276	138	1993
7646	12	3833
9434	132	699
3319	232	2000
3178	98	4391
6278	114	337
6845	236	856
3639	164	88
3547	68	812
3445	32	382
7949	24	195
47	174	10015
3658	60	669
388	88	1518
7134	10	1927
222	70	6482
2935	158	1426
544	222	1940
13435	468	2670
3597	28	3453
11509	60	1224
11946	180	3995
5161	96	5986
4659	258	10912
6727	0	745
3171	28	2844
1858	386	25
4210	136	8952
3948	12	5810
6420	10	1974
4532	0	745
4851	64	12988
1699	4	4543
5779	12	3541
1223	18	844
8784	18	3621
2222	38	9548
11313	356	8935
8779	4	4543
472	36	313
5336	334	1261
2763	70	2880
5038	286	25
5846	90	10002
3219	232	809
6359	18	2672
262	18	6655
511	36	5025
10163	174	2750
5091	94	1603
12210	262	777
99	14	3083
290	238	6798
5180	18	23
8424	158	2029
9958	120	1222
658	36	6716
4335	94	1340
7566	82	1198
10077	10	876
1924	28	7437
10892	56	72
3455	198	5217
2224	246	10194
7257	88	1974
9566	184	395
1950	182	3098
10516	242	25
1192	106	7513
1080	296	5664
3358	26	5269
5743	108	5203
1602	232	10639
1919	28	8212
8383	136	10243
5161	96	1664
11785	8	12216
632	78	456
12284	180	1209
5047	60	4815
1963	82	27
304	50	2883
5981	24	195
4956	154	6740
6678	44	13935
5311	318	4120
2806	60	146
11492	342	88
3206	168	10506
3700	298	2273
8171	336	1127
20	16	5180
655	28	4439
12541	34	47
7773	14	17
9286	88	120
6044	34	47
4145	18	92
2513	216	10779
3963	98	3812
8122	60	669
12606	12	2877
449	28	2813
8508	60	1005
10559	60	1005
2387	178	4810
10604	336	3965
12544	450	308
1091	232	9380
1085	174	1918
5678	14	763
27	320	10109
2842	82	27
12650	60	1977
2726	98	5532
3331	302	3296
4779	60	2213
7069	94	5904
1353	280	3528
489	164	1966
2129	32	3226
701	20	25
4616	130	1346
10860	10	27
6884	20	2812
11714	4	5654
398	432	5384
47	174	8663
6017	180	4770
572	28	2769
12	10	982
3546	166	6677
1911	208	665
2764	18	2929
102	232	3319
9435	82	27
3401	84	867
1124	28	5822
8503	32	930
1112	116	411
4528	60	193
1715	84	2497
2313	358	809
8786	60	6800
3264	98	7797
3417	36	1425
9234	24	195
3148	28	1216
4313	424	708
2620	176	3346
9396	36	10317
3391	60	669
7915	4	8486
4327	296	3943
12769	58	5802
578	60	837
769	96	7551
7227	108	3590
2387	18	750
8009	18	2446
266	174	12705
615	10	490
8051	32	2135
6925	34	266
435	70	1443
4732	32	402
5233	158	2149
7070	180	10277
3392	96	2772
9859	292	1511
5674	86	6620
5380	42	57
5973	10	1747
5520	136	3785
8555	98	10297
5878	168	4394
337	174	7645
337	174	12197
1639	84	9648
11767	114	266
1	284	12320
3820	132	5092
7375	84	1445
1688	94	32
332	134	5707
13350	458	5966
9044	18	1827
3970	10	876
11050	82	27
9038	36	8128
3509	98	1942
11223	96	13675
270	28	1764
1917	444	13507
27	320	10216
6231	166	8830
8911	10	191
1749	108	7892
7111	10	2133
5781	32	930
3738	94	350
10759	310	10759
4877	98	12702
3640	112	8544
6516	158	488
11504	34	337
3456	14	210
7779	94	1931
13890	96	10092
11651	180	7496
4698	32	382
11182	56	72
1286	70	9146
1054	18	1124
3784	252	3784
3939	58	9437
5536	28	8535
5484	180	2432
1008	26	3357
4024	94	4654
12312	184	395
10364	60	1449
112	36	6556
1271	136	4744
6616	12	11266
2215	94	6347
3039	48	399
9326	98	9017
2931	0	1
183	12	7830
6299	0	1
945	268	5321
223	94	4530
6581	60	146
11019	142	10929
1481	62	120
1568	28	4908
11150	60	837
2594	50	4304
9011	274	25
1439	94	5968
1538	54	883
1017	84	2630
11242	94	972
3756	58	895
1709	84	1971
1070	242	25
8662	364	6515
9057	18	1415
1628	174	10610
9609	346	12011
12484	0	1
3562	14	1526
3197	94	1742
2738	10	27
938	322	4492
7213	60	3800
3984	180	5086
2843	12	8092
13305	188	13305
2133	160	888
9677	88	27
5347	10	3723
3482	18	189
606	360	7824
5123	208	10616
2904	24	195
14165	286	25
5459	256	424
3116	212	3047
1276	164	8704
5385	84	1427
3744	390	2998
102	68	2368
10643	42	57
6847	136	157
3037	232	1378
563	32	1679
11046	60	146
8455	324	2536
10853	196	718
5007	234	488
7103	36	9445
11822	172	8947
27	96	3746
2616	10	308
3451	28	9176
9041	372	3650
8670	46	88
5404	334	3878
40	28	7743
6351	86	334
6599	78	175
3022	60	2213
1314	10	592
2279	136	1474
6254	108	1928
5114	10	1927
2621	60	193
3171	28	4243
102	68	4437
7597	116	411
6647	16	106
3068	14	153
7717	186	27
4670	180	7774
2306	10	806
13596	122	490
7837	10	490
5322	244	25
5483	32	539
9004	106	120
3248	250	8632
7782	18	811
102	68	5425
11489	58	1963
8583	116	411
349	232	3193
4905	14	10246
2856	232	456
5103	180	11093
2848	36	7678
11300	24	195
2716	26	4999
2378	10	177
8593	82	27
12917	18	8744
783	12	7021
5549	96	6705
1387	242	25
197	174	11577
13289	98	3561
1726	106	1238
8300	192	3166
8330	150	1334
556	62	3723
5761	24	195
2397	168	9726
9021	48	399
1312	16	6696
431	58	1878
9023	96	6829
7298	94	2411
1228	180	8147
5532	24	195
266	174	10797
1814	14	1164
3076	36	8659
615	10	163
14342	24	195
11481	184	5907
790	28	4760
300	132	1549
544	26	11906
1293	70	716
4749	38	440
1601	232	67
1112	38	3220
7156	108	5920
9216	60	669
1056	36	8403
10500	252	10500
2867	60	2213
8924	82	27
7358	108	1785
12895	234	12826
9876	18	2227
3737	14	168
9080	242	2812
11470	216	7702
13552	336	1261
3335	158	10864
440	28	4054
2102	132	6453
1336	368	261
490	96	13890
2231	94	4335
3518	10	27
2457	256	856
12957	106	11
3268	454	1518
1518	400	25
2497	60	669
3050	108	4035
675	0	1
2734	56	72
1622	10	2133
4005	50	3327
223	84	2024
537	4	639
11596	146	9320
1821	214	554
11206	32	5127
1452	410	88
1652	54	4075
1154	120	2658
1722	78	348
7588	104	1039
1324	76	5268
797	28	7281
7011	92	2657
13067	188	13067
7122	60	726
4058	0	1
7325	164	88
2279	28	5822
266	174	8624
13541	42	57
2402	34	337
2692	36	9216
2053	28	6240
9217	392	6452
10635	28	3406
4721	58	5422
5626	132	868
11674	78	102
1898	36	113
4114	32	382
2742	14	435
6132	60	124
7900	0	1
10751	18	1098
6993	258	9945
1165	84	1022
7891	158	1426
2298	146	9160
9307	438	4525
120	294	357
359	28	11187
5642	24	31
458	170	5253
4689	174	587
6573	198	912
28	12	3213
6938	432	6542
570	218	1174
4868	18	1191
226	230	1646
690	312	5698
737	250	6715
3389	28	3068
162	460	7107
1719	10	1219
8211	108	3590
7139	306	5452
6092	322	2691
693	64	8596
12745	126	3919
513	232	102
2148	60	193
4494	168	5111
12064	324	2536
844	28	5114
7835	198	7382
70	172	8182
2484	142	435
2774	18	5806
13518	34	197
11289	218	2290
1754	146	9432
2362	178	1030
6487	34	266
8981	120	1222
3474	208	665
4791	84	510
2540	84	2577
5579	94	6797
6744	10	1974
12395	60	3951
7091	334	166
9885	122	27
2146	36	4868
9442	196	2015
3156	18	1308
123	18	1919
5674	198	8243
3160	148	5142
1249	280	5998
11154	158	488
8244	196	9121
1569	86	5844
2109	208	12545
12448	196	4767
10976	404	4767
8777	114	337
8106	180	4863
8472	246	5637
2582	14	210
2513	216	10403
3051	84	5504
3034	36	9216
5801	10	3301
8929	54	372
1888	180	3874
13950	158	5549
1493	54	9205
3469	84	4085
2899	238	5888
573	32	2728
3566	94	1204
11083	0	1
621	26	6342
9103	246	9917
8435	84	8436
3398	18	2219
663	106	3921
4676	94	2372
10430	36	6234
4586	18	652
3478	182	5947
3980	10	2686
2202	36	1142
27	96	2646
6259	108	1816
10366	114	47
5015	10	2221
1790	82	27
2611	12	7777
2910	12	10883
11286	258	1377
4131	178	102
10569	346	4840
7656	212	842
7206	12	9551
7955	10	177
3791	128	5223
8000	4	5
2894	56	72
1346	18	8898
2654	14	1164
5927	134	6029
7061	32	4270
4878	12	3998
1719	10	3592
1349	158	720
1284	190	13488
333	246	488
891	100	6958
2464	170	7252
1018	136	11354
3091	94	2636
7612	136	3797
3421	32	539
12439	34	266
151	326	5402
5223	94	3791
27	96	13599
8192	10	27
9677	246	488
12152	188	12152
7732	230	2686
7841	58	611
2904	298	5517
2270	136	1228
5997	132	8785
9678	310	9678
337	174	909
67	54	3193
11132	82	27
3643	10	1747
5744	18	1960
5397	142	5705
2227	136	5365
2406	60	1391
11601	20	25
197	174	11924
2241	28	3626
10744	18	2053
5532	18	6907
3779	422	0
621	26	6052
4749	38	1124
3380	10	280
3515	164	88
229	14	17
12426	134	4558
12746	220	120
3469	94	6001
3544	94	4149
5904	84	2801
3060	12	6953
144	84	3354
1510	174	3025
525	232	947
3183	178	83
5299	458	5966
3793	280	4844
6840	62	11348
4981	234	488
4095	88	27
9365	260	10682
226	230	120
13176	114	47
3996	170	759
4807	74	1137
9456	94	7862
641	226	1741
211	258	12387
5910	100	1426
3014	114	337
8660	90	2104
2387	94	2386
4106	232	513
4536	32	539
7434	12	8240
9524	358	175
7179	172	7222
773	260	3754
5539	12	6243
2983	368	4575
2616	146	2267
7535	82	1198
1019	84	3865
1124	28	11475
515	60	2213
7337	26	2803
5180	132	4030
7780	12	3279
6480	10	163
4667	174	6506
2777	84	4896
10138	24	31
13075	120	212
3444	14	98
8149	336	2590
11688	172	910
2890	2	12696
6813	176	4426
2041	198	10352
1827	28	4336
8234	16	5837
1480	10	3301
5805	276	8887
4729	354	6863
4971	0	1
2951	336	7308
2662	258	8260
2456	116	411
4502	50	2359
3320	26	3308
12384	12	8131
671	14	6500
844	108	5835
372	232	5788
3359	98	2444
5715	64	9108
2898	108	7115
4907	100	10244
275	214	554
64	238	3374
10431	310	10431
3086	86	2765
3139	36	1969
7684	232	456
12178	58	5392
5437	208	2475
1106	168	9766
4740	142	5051
1267	178	883
1053	94	1022
8136	60	781
12353	4	6640
363	78	1178
119	10	27
3393	2	684
6635	182	7903
1609	158	752
79	170	1982
2045	354	6350
222	70	12517
5161	96	9912
7630	32	43
526	68	6805
2043	12	710
5533	24	195
3688	126	7975
3645	168	9568
879	84	3745
6414	88	27
3749	94	3197
11485	264	11484
8455	32	930
5691	82	27
477	136	3700
1272	324	2536
3120	116	7348
10824	214	554
621	26	3742
6394	10	13
4475	36	5805
10042	180	9573
7134	10	3301
2464	170	10507
8316	248	4882
12602	0	1
7197	94	6912
11503	410	88
1539	56	72
2595	60	104
9709	10	1974
3828	94	3829
9101	146	9639
5255	296	752
7469	28	6357
584	84	4792
10825	380	27
11845	180	2041
39	240	2061
5694	238	7325
175	68	2313
1440	232	6923
7916	0	1
14084	56	72
4423	58	1352
10913	184	395
3667	116	411
3869	180	8192
9148	236	1707
13105	34	266
4719	192	254
4279	34	47
34	352	5005
1362	14	5248
6055	14	153
3958	158	2953
11266	198	2724
2097	94	3521
1779	212	3047
6304	158	7596
9482	136	7359
1471	26	11906
3474	126	1874
6420	10	2221
2523	180	3048
2223	32	14031
2223	246	11438
147	362	2378
3489	28	8460
6664	84	9829
2454	180	13295
1755	20	25
4757	94	595
1610	0	1
10515	366	7212
9901	18	2898
9868	18	4771
2008	78	175
12020	116	411
1986	36	4693
704	14	2364
9386	298	10247
4511	28	4898
827	78	1350
5942	246	1426
12050	42	57
7378	196	1951
2537	180	4397
7443	180	3023
10979	62	7786
8399	164	88
472	36	5679
7337	222	2274
1197	24	195
5225	232	6197
3232	32	7144
1958	94	1583
79	64	3742
10764	38	359
5402	452	1980
7063	164	88
10479	60	124
4668	236	3973
3957	164	88
2155	94	3749
3696	180	5676
2886	158	301
2297	10	3572
8080	184	395
3069	212	842
395	434	7455
1373	458	5966
9722	12	6478
3152	96	11872
797	28	6427
990	94	1914
465	180	237
10036	100	5583
5364	84	7117
2209	206	1849
10474	198	8408
13712	174	8527
47	174	12089
666	54	8358
9044	18	4895
8514	10	768
9392	52	25
11091	390	4703
102	54	10808
2454	134	4183
8738	218	2726
2115	20	25
4915	84	8921
5081	12	3192
4934	88	27
2015	360	9531
3486	198	969
1986	36	8179
8921	100	1426
4560	120	1222
8555	98	1567
3607	262	777
3491	108	4801
3802	60	10638
621	26	10358
6085	84	4202
11980	16	5226
13748	376	9362
4261	84	273
2620	104	1246
880	0	1
13984	42	57
9033	100	1426
2732	10	3039
